YYYYMMDD	dN	dE	dU	Sn	Se	Su
20170524	-0.03859	0.09900	0.00277	0.00338	0.00378	0.01500
20170525	-0.04039	0.10322	0.00943	0.00333	0.00378	0.01502
20170526	-0.03519	0.10022	-0.00653	0.00326	0.00362	0.01390
20170527	-0.03631	0.10080	0.01065	0.00301	0.00341	0.01318
20170528	-0.03771	0.10112	0.00592	0.00307	0.00345	0.01344
20170529	-0.03738	0.10155	0.00310	0.00292	0.00328	0.01287
20170530	-0.03807	0.10032	-0.00486	0.00291	0.00325	0.01252
20170531	-0.03814	0.10030	0.00699	0.00303	0.00338	0.01348
20170601	-0.03767	0.10077	0.00773	0.00295	0.00326	0.01304
20170602	-0.03660	0.10118	0.00303	0.00319	0.00352	0.01507
20170603	-0.03897	0.10238	0.00370	0.00311	0.00340	0.01366
20170604	-0.03862	0.09949	0.00042	0.00313	0.00346	0.01386
20170605	-0.03813	0.10216	-0.00268	0.00315	0.00329	0.01357
20170606	-0.03899	0.10107	0.00272	0.00296	0.00324	0.01295
20170607	-0.03845	0.09997	0.01158	0.00306	0.00339	0.01392
20170608	-0.03649	0.10055	0.00088	0.00304	0.00339	0.01388
20170609	-0.03681	0.10145	0.00196	0.00295	0.00320	0.01313
20170610	-0.03715	0.10118	-0.00333	0.00290	0.00317	0.01309
20170611	-0.03771	0.10028	0.00102	0.00296	0.00323	0.01343
20170612	-0.03657	0.09972	0.00194	0.00284	0.00314	0.01298
20170613	-0.03644	0.10029	-0.00091	0.00285	0.00312	0.01270
20170614	-0.03783	0.09985	0.00306	0.00275	0.00324	0.01266
20170615	-0.03726	0.10050	0.00399	0.00273	0.00327	0.01259
20170616	-0.03648	0.10007	0.00535	0.00285	0.00336	0.01283
20170617	-0.03671	0.09986	0.00243	0.00272	0.00331	0.01262
20170618	-0.03694	0.09925	0.00584	0.00277	0.00329	0.01276
20170619	-0.03787	0.09961	-0.00074	0.00270	0.00320	0.01240
20170620	-0.03785	0.10103	-0.00063	0.00286	0.00325	0.01274
20170621	-0.03719	0.10027	0.00410	0.00284	0.00330	0.01302
20170622	-0.03692	0.10080	0.00843	0.00295	0.00324	0.01323
20170623	-0.03770	0.10052	-0.00011	0.00294	0.00326	0.01304
20170624	-0.03687	0.10081	0.00111	0.00293	0.00319	0.01253
20170625	-0.03674	0.10015	0.00733	0.00274	0.00312	0.01214
20170626	-0.03482	0.10082	0.00621	0.00294	0.00327	0.01301
20170627	-0.03695	0.10239	0.00613	0.00296	0.00322	0.01294
20170628	-0.03730	0.10102	-0.00070	0.00299	0.00327	0.01329
20170629	-0.03687	0.10087	0.00532	0.00302	0.00329	0.01303
20170630	-0.03606	0.10127	-0.00151	0.00297	0.00329	0.01357
20170701	-0.03892	0.10114	0.00695	0.00299	0.00326	0.01314
20170702	-0.03408	0.09563	0.00514	0.00326	0.00350	0.01439
20170703	-0.03719	0.09903	0.00992	0.00301	0.00340	0.01355
20170704	-0.03670	0.09823	-0.00529	0.00291	0.00338	0.01325
20170705	-0.03564	0.09813	-0.00596	0.00297	0.00335	0.01339
20170706	-0.03556	0.09850	-0.00302	0.00280	0.00332	0.01336
20170707	-0.03490	0.09938	0.00592	0.00295	0.00324	0.01315
20170708	-0.03698	0.09876	0.00099	0.00280	0.00313	0.01237
20170709	-0.03635	0.09858	0.00678	0.00271	0.00328	0.01284
20170710	-0.03548	0.09859	-0.00152	0.00309	0.00341	0.01352
20170711	-0.03699	0.09982	0.00558	0.00290	0.00322	0.01293
20170712	-0.03454	0.09891	-0.00049	0.00296	0.00331	0.01282
20170713	-0.03446	0.09884	-0.00103	0.00305	0.00352	0.01339
20170714	-0.03540	0.10022	-0.00237	0.00284	0.00331	0.01326
20170715	-0.03568	0.09925	0.00654	0.00279	0.00337	0.01273
20170716	-0.03573	0.10063	0.00270	0.00277	0.00329	0.01260
20170717	-0.03756	0.09893	0.00599	0.00284	0.00328	0.01277
20170718	-0.03765	0.10048	0.00320	0.00291	0.00333	0.01304
20170719	-0.03675	0.09894	0.00395	0.00278	0.00317	0.01238
20170720	-0.03679	0.09887	0.00130	0.00280	0.00321	0.01234
20170721	-0.03520	0.09993	-0.00082	0.00278	0.00315	0.01220
20170722	-0.03560	0.09759	0.00340	0.00287	0.00331	0.01286
20170723	-0.03703	0.09790	-0.00397	0.00288	0.00325	0.01256
20170724	-0.03691	0.09857	0.00112	0.00280	0.00317	0.01234
20170725	-0.03583	0.09818	0.00048	0.00275	0.00326	0.01235
20170726	-0.03550	0.09755	0.00726	0.00268	0.00324	0.01261
20170727	-0.03628	0.09834	0.00211	0.00268	0.00323	0.01232
20170728	-0.03637	0.09838	0.00471	0.00270	0.00324	0.01254
20170729	-0.03561	0.09964	0.00288	0.00272	0.00328	0.01278
20170730	-0.03643	0.09892	0.00479	0.00268	0.00323	0.01240
20170731	-0.03646	0.09922	0.00428	0.00280	0.00341	0.01296
20170801	-0.03484	0.09769	0.00298	0.00277	0.00331	0.01306
20170802	-0.03650	0.09850	0.00320	0.00267	0.00330	0.01241
20170803	-0.03570	0.09826	0.00419	0.00273	0.00315	0.01238
20170804	-0.03685	0.09978	0.00581	0.00292	0.00329	0.01276
20170805	-0.03595	0.09907	0.00558	0.00285	0.00329	0.01251
20170806	-0.03641	0.09876	0.00162	0.00268	0.00319	0.01230
20170807	-0.03562	0.09826	0.00203	0.00281	0.00323	0.01272
20170808	-0.03573	0.09916	0.00298	0.00287	0.00339	0.01324
20170809	-0.03612	0.09811	0.00648	0.00290	0.00325	0.01307
20170810	-0.03583	0.09857	-0.00422	0.00289	0.00324	0.01284
20170811	-0.03667	0.10036	0.00450	0.00289	0.00358	0.01303
20170812	-0.03682	0.09873	0.00350	0.00290	0.00331	0.01320
20170813	-0.03550	0.09884	0.00128	0.00274	0.00313	0.01233
20170814	-0.03555	0.09870	0.00437	0.00283	0.00324	0.01269
20170815	-0.03529	0.10114	-0.00399	0.00292	0.00336	0.01291
20170816	-0.03546	0.09916	0.00511	0.00284	0.00320	0.01253
20170817	-0.03563	0.09911	-0.00322	0.00290	0.00343	0.01299
20170818	-0.03606	0.10089	0.00704	0.00289	0.00332	0.01285
20170819	-0.03517	0.09975	0.00901	0.00278	0.00335	0.01251
20170820	-0.03477	0.09977	0.00603	0.00281	0.00321	0.01234
20170821	-0.03518	0.09908	0.00321	0.00281	0.00338	0.01286
20170822	-0.03503	0.09953	0.00656	0.00282	0.00319	0.01245
20170823	-0.03466	0.09964	0.00673	0.00274	0.00316	0.01237
20170824	-0.03377	0.10163	0.00518	0.00275	0.00338	0.01280
20170825	-0.03461	0.09746	0.00474	0.00282	0.00342	0.01284
20170826	-0.03470	0.09962	0.00884	0.00275	0.00342	0.01279
20170827	-0.03460	0.09888	0.00461	0.00281	0.00334	0.01291
20170828	-0.03466	0.09940	0.00604	0.00294	0.00351	0.01377
20170829	-0.03252	0.10007	0.00443	0.00290	0.00362	0.01364
20170830	-0.03373	0.09791	0.00131	0.00286	0.00334	0.01311
20170831	-0.03453	0.10130	0.00344	0.00306	0.00355	0.01366
20170901	-0.03564	0.09812	0.00392	0.00320	0.00366	0.01418
20170902	-0.03533	0.10205	0.00996	0.00303	0.00367	0.01396
20170903	-0.03578	0.09836	0.00684	0.00298	0.00360	0.01346
20170904	-0.03416	0.09935	0.00364	0.00299	0.00362	0.01358
20170905	-0.03424	0.09874	0.00397	0.00313	0.00356	0.01372
20170906	-0.03554	0.09813	-0.00460	0.00312	0.00352	0.01350
20170907	-0.03381	0.09700	0.00645	0.00308	0.00346	0.01424
20170908	-0.03192	0.09868	0.00485	0.00323	0.00370	0.01443
20170909	-0.03319	0.10026	-0.00319	0.00288	0.00335	0.01267
20170910	-0.03308	0.09890	-0.00737	0.00319	0.00390	0.01396
20170911	-0.03302	0.09815	-0.00131	0.00309	0.00364	0.01322
20170912	-0.03202	0.09931	0.00016	0.00315	0.00373	0.01332
20170913	-0.03239	0.09912	-0.00405	0.00309	0.00362	0.01310
20170914	-0.03374	0.09997	0.00160	0.00309	0.00374	0.01318
20170915	-0.03397	0.09866	-0.00519	0.00314	0.00387	0.01363
20170916	-0.03147	0.10304	-0.00121	0.00327	0.00386	0.01412
20170917	-0.02897	0.09895	-0.01573	0.00361	0.00410	0.01556
20170918	-0.03025	0.10091	0.00893	0.00307	0.00359	0.01326
20170919	-0.03367	0.10021	-0.00279	0.00295	0.00366	0.01290
20170920	-0.03416	0.10183	0.00535	0.00316	0.00389	0.01413
20170921	-0.03291	0.09741	0.00279	0.00312	0.00391	0.01401
20170922	-0.03300	0.10052	0.00642	0.00323	0.00361	0.01363
20170923	-0.03415	0.09902	-0.00587	0.00346	0.00388	0.01480
20170924	-0.03343	0.09929	0.00488	0.00322	0.00379	0.01422
20170925	-0.03427	0.09877	-0.00230	0.00312	0.00379	0.01410
20170926	-0.03545	0.09888	-0.00469	0.00318	0.00395	0.01418
20170927	-0.03501	0.09986	-0.00061	0.00315	0.00366	0.01378
20170928	-0.03288	0.10092	0.00268	0.00324	0.00385	0.01436
20170929	-0.03276	0.09829	0.00655	0.00298	0.00355	0.01320
20170930	-0.03282	0.09965	0.00479	0.00304	0.00363	0.01335
20171001	-0.03237	0.09891	0.00024	0.00324	0.00384	0.01392
20171002	-0.03230	0.09817	0.01013	0.00304	0.00366	0.01329
20171003	-0.03412	0.09722	0.00781	0.00307	0.00372	0.01337
20171004	-0.03193	0.09956	0.00827	0.00300	0.00372	0.01314
20171005	-0.03112	0.10027	0.00403	0.00328	0.00393	0.01498
20171006	-0.03361	0.09822	-0.00670	0.00329	0.00409	0.01474
20171007	-0.03050	0.10184	0.00617	0.00305	0.00367	0.01355
20171008	-0.03161	0.09926	0.00194	0.00307	0.00365	0.01352
20171009	-0.03329	0.09815	0.00853	0.00318	0.00392	0.01428
20171010	-0.03600	0.09924	0.01869	0.00307	0.00378	0.01401
20171011	-0.03284	0.09476	-0.00070	0.00317	0.00396	0.01465
20171012	-0.03716	0.09490	-0.01782	0.00337	0.00401	0.01503
20171013	-0.03514	0.09797	-0.00359	0.00304	0.00369	0.01367
20171014	-0.03559	0.09690	-0.00572	0.00339	0.00426	0.01558
20171016	-0.03414	0.09675	0.00420	0.00321	0.00388	0.01437
20171017	-0.03544	0.09921	-0.00690	0.00331	0.00413	0.01545
20171105	-0.03252	0.09729	0.00142	0.00361	0.00423	0.01624
20171106	-0.03147	0.09739	0.01341	0.00355	0.00420	0.01559
20171107	-0.03358	0.09887	0.00662	0.00340	0.00409	0.01495
20171108	-0.03481	0.09749	0.00355	0.00349	0.00421	0.01532
20171109	-0.03424	0.09918	0.01334	0.00350	0.00426	0.01591
20171110	-0.03386	0.09764	0.00047	0.00361	0.00437	0.01620
20171111	-0.03412	0.09913	-0.00929	0.00361	0.00434	0.01601
20171112	-0.03354	0.09703	0.00281	0.00358	0.00420	0.01595
20171113	-0.03249	0.09993	-0.00162	0.00339	0.00406	0.01505
20171114	-0.03239	0.10117	0.00451	0.00359	0.00425	0.01598
20171115	-0.03332	0.09868	0.00608	0.00369	0.00443	0.01656
20171116	-0.03301	0.09770	0.00510	0.00367	0.00445	0.01676
20171117	-0.03127	0.09833	-0.00039	0.00364	0.00435	0.01653
20171118	-0.03158	0.10363	0.01552	0.00363	0.00434	0.01651
20171119	-0.03062	0.09865	0.00491	0.00354	0.00424	0.01613
20171120	-0.03178	0.09796	0.00224	0.00353	0.00432	0.01609
20171121	-0.03316	0.10060	0.00484	0.00349	0.00424	0.01611
20171122	-0.03228	0.09703	0.00757	0.00342	0.00410	0.01538
20171123	-0.03281	0.09832	0.01490	0.00346	0.00425	0.01578
20171124	-0.03283	0.09775	0.01055	0.00347	0.00404	0.01556
20171125	-0.03356	0.09908	0.00957	0.00355	0.00409	0.01567
20171126	-0.03057	0.09983	0.00968	0.00349	0.00420	0.01583
20171127	-0.03236	0.09896	0.01666	0.00340	0.00415	0.01516
20171128	-0.03262	0.09879	0.01871	0.00351	0.00459	0.01587
20171129	-0.03141	0.10119	0.01530	0.00364	0.00474	0.01672
20171130	-0.03036	0.09862	0.01350	0.00355	0.00461	0.01628
20171201	-0.02765	0.09861	0.00824	0.00362	0.00466	0.01676
20171202	-0.02996	0.09625	0.01161	0.00358	0.00454	0.01654
20171203	-0.03117	0.09741	0.01330	0.00349	0.00443	0.01618
20171204	-0.02990	0.09847	0.00830	0.00503	0.00636	0.02497
20171205	-0.03161	0.09675	0.01713	0.00351	0.00451	0.01636
20171206	-0.03228	0.09582	0.00385	0.00348	0.00455	0.01631
20171207	-0.03054	0.09551	-0.00597	0.00357	0.00471	0.01686
20171208	-0.03240	0.09751	0.01340	0.00353	0.00468	0.01657
20171209	-0.03212	0.09688	0.00681	0.00362	0.00474	0.01695
20171210	-0.03125	0.09792	0.00445	0.00344	0.00448	0.01595
20171211	-0.03196	0.09659	0.00829	0.00336	0.00438	0.01567
20171212	-0.03075	0.09543	0.00067	0.00349	0.00442	0.01594
20171213	-0.03314	0.09882	0.00777	0.00373	0.00487	0.01747
20171214	-0.03085	0.09628	0.01050	0.00379	0.00483	0.01771
20171215	-0.03221	0.09560	0.00246	0.00360	0.00460	0.01675
20171216	-0.03102	0.09363	-0.00578	0.00377	0.00511	0.01847
20171217	-0.03219	0.09522	0.01308	0.00382	0.00495	0.01775
20171218	-0.03237	0.09615	-0.01234	0.00376	0.00474	0.01768
20171219	-0.03107	0.09540	-0.00465	0.00371	0.00466	0.01710
20171220	-0.03207	0.09798	-0.00548	0.00388	0.00462	0.01766
20171221	-0.03166	0.09360	-0.00948	0.00366	0.00448	0.01681
20171222	-0.03048	0.09612	-0.00675	0.00372	0.00457	0.01697
20171223	-0.02930	0.09417	0.00316	0.00373	0.00456	0.01701
20171224	-0.03077	0.09563	-0.01159	0.00374	0.00451	0.01725
20171225	-0.03087	0.09915	0.00816	0.00387	0.00453	0.01775
20171226	-0.03115	0.09721	0.02001	0.00366	0.00438	0.01674
20171227	-0.03232	0.09718	0.00350	0.00358	0.00426	0.01613
20171228	-0.03107	0.09758	0.00331	0.00349	0.00406	0.01563
20171229	-0.03323	0.09722	0.00067	0.00353	0.00408	0.01566
20171230	-0.03063	0.09730	-0.00001	0.00366	0.00420	0.01615
20171231	-0.03097	0.09582	-0.00053	0.00389	0.00484	0.01797
20180101	-0.02993	0.09704	0.01960	0.00364	0.00414	0.01615
20180102	-0.03151	0.09415	0.00112	0.00373	0.00417	0.01623
20180103	-0.02950	0.09503	0.01049	0.00401	0.00450	0.01801
20180104	-0.03223	0.10002	0.01216	0.00421	0.00469	0.01872
20180105	-0.02927	0.09411	0.00351	0.00394	0.00430	0.01658
20180106	-0.03326	0.09515	0.00098	0.00398	0.00409	0.01626
20180107	-0.03131	0.09721	-0.00067	0.00409	0.00413	0.01654
20180108	-0.03033	0.09617	0.00668	0.00397	0.00436	0.01716
20180109	-0.02682	0.10123	0.00045	0.00406	0.00435	0.01699
20180110	-0.03264	0.09683	-0.01181	0.00388	0.00402	0.01571
20180111	-0.03445	0.09622	0.00555	0.00398	0.00436	0.01699
20180112	-0.02881	0.09400	-0.00777	0.00395	0.00432	0.01689
20180113	-0.02956	0.09327	-0.02321	0.00398	0.00419	0.01647
20180114	-0.03239	0.09399	-0.00448	0.00418	0.00438	0.01780
20180115	-0.03420	0.09505	-0.00914	0.00410	0.00415	0.01722
20180116	-0.03293	0.09595	0.00007	0.00410	0.00419	0.01708
20180117	-0.03378	0.09224	-0.01450	0.00407	0.00431	0.01771
20180118	-0.03467	0.09526	-0.00349	0.00412	0.00435	0.01728
20180119	-0.03213	0.09687	0.01126	0.00394	0.00437	0.01704
20180120	-0.03352	0.09639	0.00621	0.00390	0.00436	0.01743
20180121	-0.03185	0.09706	0.00219	0.00403	0.00440	0.01806
20180122	-0.03385	0.09389	-0.01594	0.00394	0.00437	0.01766
20180123	-0.03126	0.09755	0.00712	0.00425	0.00433	0.01835
20180124	-0.02870	0.09551	0.00432	0.00464	0.00463	0.01988
20180125	-0.02999	0.09613	-0.00962	0.00443	0.00470	0.01929
20180126	-0.03457	0.09421	-0.00364	0.00504	0.00524	0.02206
20180127	-0.02788	0.09746	0.00981	0.00492	0.00504	0.02176
20180128	-0.03406	0.09456	-0.00591	0.00493	0.00493	0.02094
20180607	-0.02829	0.09285	0.00640	0.00356	0.00400	0.01740
20180608	-0.02877	0.09168	0.02078	0.00363	0.00406	0.01784
20180609	-0.02493	0.09097	0.00848	0.00390	0.00436	0.01939
20180610	-0.02745	0.09306	0.00486	0.00368	0.00423	0.01793
20180611	-0.02846	0.09314	0.00583	0.00356	0.00414	0.01757
20180612	-0.02834	0.09037	0.00629	0.00369	0.00429	0.01853
20180613	-0.02811	0.09457	0.01234	0.00358	0.00403	0.01762
20180614	-0.02795	0.09301	0.00949	0.00373	0.00414	0.01821
20180615	-0.02739	0.09442	0.01260	0.00361	0.00418	0.01781
20180616	-0.02593	0.09412	0.00822	0.00350	0.00396	0.01688
20180617	-0.02875	0.09468	0.00328	0.00362	0.00410	0.01738
20180618	-0.02833	0.09284	0.01677	0.00340	0.00381	0.01631
20180619	-0.02771	0.09302	0.01351	0.00349	0.00392	0.01677
20180620	-0.02914	0.09457	0.01454	0.00352	0.00394	0.01689
20180621	-0.02631	0.09277	0.00799	0.00348	0.00399	0.01687
20180622	-0.02737	0.09267	0.01029	0.00366	0.00403	0.01842
20180623	-0.02566	0.09208	0.02124	0.00342	0.00394	0.01681
20180624	-0.02683	0.09273	0.00878	0.00341	0.00393	0.01655
20180625	-0.02726	0.09281	0.01424	0.00324	0.00382	0.01571
20180626	-0.02731	0.09369	0.01464	0.00343	0.00384	0.01623
20180627	-0.02697	0.09398	0.00446	0.00355	0.00395	0.01710
20180628	-0.02633	0.09236	0.01444	0.00327	0.00382	0.01577
20180629	-0.02593	0.09401	0.00943	0.00325	0.00375	0.01593
20180630	-0.02619	0.09343	0.01286	0.00331	0.00380	0.01638
20180701	-0.02666	0.09305	0.01029	0.00325	0.00375	0.01575
20180702	-0.02726	0.09359	0.01542	0.00344	0.00399	0.01726
20180703	-0.02604	0.09298	0.01166	0.00329	0.00374	0.01585
20180704	-0.02645	0.09373	0.01591	0.00337	0.00406	0.01644
20180705	-0.02623	0.09336	0.01264	0.00339	0.00378	0.01591
20180706	-0.02766	0.09173	0.01543	0.00340	0.00390	0.01650
20180707	-0.02731	0.09251	0.01730	0.00336	0.00387	0.01653
20180708	-0.02766	0.09285	0.01965	0.00326	0.00375	0.01613
20180709	-0.02625	0.09200	0.01216	0.00339	0.00410	0.01680
20180710	-0.02687	0.09269	0.01773	0.00321	0.00376	0.01572
20180711	-0.02709	0.09264	0.01966	0.00325	0.00392	0.01630
20180712	-0.02775	0.09335	0.01820	0.00325	0.00386	0.01626
20180713	-0.02505	0.09327	0.01847	0.00325	0.00377	0.01598
20180714	-0.02633	0.09073	0.01358	0.00342	0.00399	0.01706
20180715	-0.02710	0.09275	0.02238	0.00333	0.00399	0.01654
20180716	-0.02652	0.09472	0.02389	0.00332	0.00383	0.01617
20180717	-0.02556	0.09445	0.02054	0.00325	0.00377	0.01594
20180718	-0.02659	0.09439	0.01402	0.00326	0.00401	0.01659
20180719	-0.02370	0.09256	0.01282	0.00353	0.00412	0.01775
20180720	-0.02574	0.09293	0.02032	0.00360	0.00416	0.01774
20180721	-0.02595	0.09250	0.00704	0.00347	0.00394	0.01676
20180722	-0.02538	0.09202	0.00798	0.00334	0.00396	0.01646
20180723	-0.02814	0.09496	0.01074	0.00335	0.00409	0.01690
20180724	-0.02815	0.09257	0.02304	0.00381	0.00433	0.01824
20180725	-0.02680	0.09541	0.01410	0.00316	0.00373	0.01587
20180726	-0.02806	0.09485	0.02176	0.00327	0.00387	0.01650
20180727	-0.02683	0.09351	0.01113	0.00317	0.00387	0.01582
20180728	-0.02569	0.09402	0.01097	0.00319	0.00377	0.01572
20180729	-0.02603	0.09323	0.01819	0.00340	0.00414	0.01753
20180730	-0.02679	0.09390	0.02028	0.00324	0.00404	0.01611
20180731	-0.02613	0.09407	0.01414	0.00325	0.00382	0.01633
20180801	-0.02610	0.09549	0.02239	0.00326	0.00381	0.01615
20180802	-0.02550	0.09489	0.01787	0.00315	0.00381	0.01598
20180803	-0.02516	0.09410	0.01233	0.00323	0.00381	0.01592
20180804	-0.02662	0.09190	0.02445	0.00331	0.00390	0.01643
20180805	-0.02508	0.09207	0.01279	0.00327	0.00384	0.01606
20180806	-0.02477	0.09529	0.01465	0.00319	0.00383	0.01595
20180807	-0.02371	0.09507	0.01243	0.00331	0.00393	0.01634
20180808	-0.02493	0.09293	0.01139	0.00333	0.00395	0.01622
20180809	-0.02582	0.09443	0.01593	0.00332	0.00398	0.01658
20180810	-0.02595	0.09531	0.01592	0.00318	0.00414	0.01575
20180811	-0.02531	0.09442	0.01863	0.00310	0.00383	0.01567
20180812	-0.02517	0.09437	0.01992	0.00329	0.00402	0.01631
20180813	-0.02317	0.09455	0.01100	0.00307	0.00383	0.01548
20180814	-0.02350	0.09445	0.01785	0.00330	0.00394	0.01665
20180815	-0.02488	0.09531	0.02081	0.00329	0.00403	0.01682
20180816	-0.02381	0.09515	0.01814	0.00315	0.00386	0.01593
20180817	-0.02292	0.09608	0.01486	0.00319	0.00393	0.01611
20180818	-0.02450	0.09458	0.00712	0.00321	0.00399	0.01644
20180819	-0.02505	0.09476	0.01832	0.00321	0.00393	0.01621
20180820	-0.02513	0.09360	0.01469	0.00340	0.00402	0.01675
20180821	-0.02441	0.09513	0.01358	0.00342	0.00399	0.01715
20180822	-0.02592	0.09384	0.01739	0.00333	0.00404	0.01656
20180823	-0.02531	0.09406	0.01449	0.00327	0.00386	0.01624
20180824	-0.02512	0.09400	0.01639	0.00317	0.00388	0.01596
20180825	-0.02557	0.09343	0.00926	0.00336	0.00393	0.01685
20180826	-0.02488	0.09451	0.01494	0.00362	0.00433	0.01825
20180827	-0.02461	0.09414	0.01403	0.00322	0.00376	0.01610
20180828	-0.02549	0.09477	0.00777	0.00343	0.00395	0.01671
20180829	-0.02399	0.09353	0.00467	0.00353	0.00416	0.01723
20180830	-0.02524	0.09307	0.01389	0.00335	0.00404	0.01671
20180918	-0.02355	0.09398	0.01620	0.00342	0.00431	0.01677
20180919	-0.02447	0.09330	0.01371	0.00329	0.00433	0.01651
20180920	-0.02315	0.09304	0.01232	0.00344	0.00430	0.01706
20180921	-0.02511	0.09429	0.01222	0.00344	0.00414	0.01721
20180922	-0.02830	0.09544	0.01906	0.00345	0.00439	0.01736
20180923	-0.02341	0.09515	0.01352	0.00351	0.00453	0.01785
20180924	-0.02301	0.09634	0.02703	0.00331	0.00428	0.01683
20180925	-0.02482	0.09455	0.00999	0.00330	0.00432	0.01657
20180926	-0.02330	0.09427	0.01912	0.00342	0.00430	0.01717
20180927	-0.02441	0.09405	0.01580	0.00334	0.00427	0.01694
20180928	-0.02408	0.09464	0.01743	0.00348	0.00447	0.01765
20180929	-0.02339	0.09370	0.03348	0.00344	0.00447	0.01770
20180930	-0.02402	0.09533	0.02005	0.00345	0.00427	0.01677
20181001	-0.02353	0.09466	0.02348	0.00332	0.00426	0.01659
20181002	-0.02464	0.09388	0.02531	0.00346	0.00441	0.01726
20181003	-0.02550	0.09554	0.02247	0.00355	0.00421	0.01696
20181004	-0.02455	0.09543	0.01911	0.00335	0.00434	0.01711
20181005	-0.02582	0.09567	0.01731	0.00342	0.00423	0.01684
20181006	-0.02455	0.09733	0.01595	0.00341	0.00415	0.01653
20181007	-0.02469	0.09771	0.00590	0.00354	0.00440	0.01764
20181008	-0.02577	0.09784	0.01283	0.00336	0.00439	0.01713
20181009	-0.02259	0.09727	0.01874	0.00341	0.00443	0.01694
20181010	-0.02325	0.09586	0.01167	0.00328	0.00423	0.01676
20181011	-0.02219	0.09727	0.02395	0.00335	0.00429	0.01685
20181012	-0.02205	0.09737	0.01171	0.00334	0.00416	0.01674
20181013	-0.02348	0.09131	0.01800	0.00360	0.00440	0.01812
20181014	-0.02223	0.09691	0.02515	0.00352	0.00426	0.01731
20181015	-0.02420	0.09542	0.01545	0.00357	0.00429	0.01760
20181016	-0.02258	0.09420	0.00454	0.00345	0.00436	0.01726
20181017	-0.02341	0.09747	0.01816	0.00359	0.00460	0.01853
20181018	-0.02232	0.09838	0.00933	0.00355	0.00442	0.01779
20181019	-0.02285	0.09657	0.01815	0.00355	0.00439	0.01787
20181020	-0.02328	0.09588	0.01493	0.00334	0.00420	0.01704
20181021	-0.02353	0.09468	0.00843	0.00343	0.00424	0.01748
20181022	-0.02258	0.09599	0.01958	0.00351	0.00442	0.01793
20181023	-0.02387	0.09509	0.01573	0.00335	0.00422	0.01728
20181024	-0.02311	0.09483	0.01379	0.00352	0.00434	0.01807
20181025	-0.01997	0.09481	0.01780	0.00348	0.00436	0.01789
20181026	-0.02359	0.09406	0.01758	0.00356	0.00451	0.01846
20181027	-0.02374	0.09676	0.01764	0.00349	0.00428	0.01756
20181028	-0.02426	0.09482	0.01364	0.00355	0.00425	0.01762
20181029	-0.02659	0.09558	0.01503	0.00346	0.00428	0.01747
20181030	-0.02308	0.09836	0.01773	0.00349	0.00429	0.01756
20181031	-0.02291	0.09565	0.01594	0.00340	0.00425	0.01724
20181101	-0.02539	0.09716	0.01832	0.00359	0.00436	0.01776
20181102	-0.02401	0.09352	0.00999	0.00346	0.00431	0.01726
20181103	-0.02190	0.09220	0.01463	0.00345	0.00432	0.01707
20181104	-0.02340	0.09296	0.01301	0.00339	0.00412	0.01663
20181105	-0.02268	0.09631	0.02079	0.00350	0.00433	0.01736
20181106	-0.02379	0.09242	0.01815	0.00352	0.00444	0.01748
20181107	-0.02175	0.09513	0.02008	0.00368	0.00438	0.01791
20181108	-0.02247	0.09672	0.01881	0.00353	0.00420	0.01706
20181109	-0.02224	0.09360	0.01324	0.00344	0.00433	0.01702
20181110	-0.02088	0.09536	0.02359	0.00332	0.00425	0.01657
20181111	-0.02502	0.09419	0.02394	0.00353	0.00452	0.01754
20181112	-0.02261	0.09477	0.02502	0.00363	0.00465	0.01832
20181113	-0.02305	0.09209	0.02168	0.00363	0.00455	0.01807
20181114	-0.02270	0.09112	0.02011	0.00351	0.00465	0.01751
20181115	-0.02261	0.09245	0.00980	0.00355	0.00465	0.01830
20181116	-0.02277	0.09257	0.00565	0.00354	0.00466	0.01821
20181117	-0.02267	0.09436	0.01207	0.00342	0.00442	0.01746
20181118	-0.02345	0.09298	0.00252	0.00361	0.00496	0.01824
20181119	-0.02295	0.09224	0.00881	0.00370	0.00506	0.01900
20181120	-0.02247	0.09294	0.01352	0.00360	0.00500	0.01898
20181121	-0.02236	0.09212	0.01437	0.00381	0.00516	0.01937
20181122	-0.02245	0.09234	0.00920	0.00373	0.00529	0.01966
20181123	-0.02388	0.09021	0.00874	0.00386	0.00507	0.01914
20181124	-0.02108	0.08912	0.00081	0.00376	0.00495	0.01864
20181125	-0.02503	0.09290	0.00846	0.00367	0.00482	0.01810
20181126	-0.02117	0.09176	0.00495	0.00361	0.00492	0.01822
20181127	-0.02395	0.08980	0.00944	0.00367	0.00509	0.01867
20181128	-0.01808	0.08811	0.00193	0.00384	0.00532	0.01963
20181129	-0.02383	0.09020	0.00345	0.00405	0.00515	0.01877
20181130	-0.02307	0.09227	0.00910	0.00379	0.00480	0.01886
20181201	-0.02488	0.09158	0.00550	0.00361	0.00466	0.01768
20181202	-0.02485	0.09084	0.00769	0.00359	0.00463	0.01770
20181203	-0.02211	0.09177	0.00429	0.00354	0.00473	0.01756
20181204	-0.02279	0.09177	-0.00178	0.00372	0.00465	0.01791
20181205	-0.02324	0.09331	0.00658	0.00351	0.00456	0.01790
20181206	-0.02182	0.09349	0.01333	0.00356	0.00448	0.01747
20181207	-0.02442	0.09336	0.01274	0.00369	0.00463	0.01822
20181208	-0.02259	0.09020	-0.00893	0.00379	0.00472	0.01848
20181209	-0.02250	0.09587	0.01925	0.00370	0.00458	0.01806
20181210	-0.02180	0.09356	0.02181	0.00378	0.00466	0.01820
20181211	-0.02192	0.08961	0.00715	0.00376	0.00469	0.01829
20181212	-0.02223	0.09490	0.01010	0.00372	0.00466	0.01809
20181213	-0.02378	0.09332	0.00971	0.00393	0.00467	0.01808
20181214	-0.02166	0.09265	0.00460	0.00347	0.00453	0.01740
20181215	-0.02169	0.09521	0.01045	0.00365	0.00437	0.01732
20181216	-0.02503	0.09371	0.01841	0.00374	0.00450	0.01789
20181217	-0.02389	0.09165	0.01089	0.00368	0.00452	0.01738
20181218	-0.02237	0.09202	0.01327	0.00386	0.00460	0.01860
20181219	-0.02598	0.09198	0.00388	0.00396	0.00463	0.01872
20181220	-0.02246	0.09107	0.00844	0.00418	0.00496	0.01957
20181221	-0.02357	0.09283	-0.00191	0.00401	0.00471	0.01892
20181222	-0.02063	0.08738	0.00313	0.00407	0.00470	0.01940
20181223	-0.02026	0.08953	-0.00711	0.00417	0.00480	0.01968
20181224	-0.02121	0.09348	-0.00017	0.00405	0.00481	0.01961
20181225	-0.01918	0.09508	0.02136	0.00404	0.00464	0.01905
20181226	-0.02321	0.09406	0.00601	0.00389	0.00442	0.01786
20181227	-0.02289	0.09542	0.01615	0.00381	0.00445	0.01800
20181228	-0.02213	0.09448	0.01682	0.00390	0.00445	0.01849
20181229	-0.02007	0.09353	0.01024	0.00423	0.00491	0.02060
20181230	-0.02440	0.09384	0.00285	0.00403	0.00483	0.01921
20181231	-0.02895	0.10016	-0.01016	0.00830	0.00942	0.02959
20190101	-0.02219	0.09359	0.01027	0.00403	0.00471	0.01937
20190102	-0.02214	0.09024	0.00157	0.00392	0.00462	0.01894
20190103	-0.01984	0.09649	0.00317	0.00419	0.00488	0.02012
20190104	-0.02249	0.10058	0.03362	0.00406	0.00466	0.01915
20190105	-0.02142	0.09261	0.00879	0.00400	0.00445	0.01826
20190106	-0.01842	0.09649	0.02440	0.00385	0.00453	0.01837
20190107	-0.01839	0.09797	0.03002	0.00407	0.00477	0.01912
20190108	-0.02087	0.09449	0.01423	0.00394	0.00450	0.01799
20190109	-0.02255	0.09542	0.01072	0.00537	0.00595	0.02610
20190110	-0.02110	0.09396	0.00894	0.00382	0.00453	0.01826
20190111	-0.02216	0.09448	0.02076	0.00404	0.00451	0.01881
20190112	-0.02101	0.09483	0.01092	0.00383	0.00430	0.01768
20190113	-0.02083	0.09405	0.02117	0.00369	0.00431	0.01708
20190114	-0.02307	0.09488	0.00154	0.00400	0.00453	0.01852
20190115	-0.02200	0.09727	0.02139	0.00418	0.00491	0.01952
20190116	-0.02213	0.09070	-0.00170	0.00411	0.00452	0.01877
20190117	-0.02051	0.09030	0.01188	0.00407	0.00459	0.01853
20190118	-0.02431	0.09765	0.01526	0.00454	0.00515	0.02107
20190119	-0.02233	0.09023	-0.01182	0.00442	0.00491	0.02026
20190120	-0.02121	0.09275	0.00087	0.00403	0.00457	0.01801
20190121	-0.01932	0.09158	-0.01814	0.00447	0.00495	0.02031
20190122	-0.01960	0.09142	-0.01306	0.00439	0.00472	0.01951
20190123	-0.02104	0.09397	0.01040	0.00418	0.00461	0.01876
20190124	-0.02170	0.09080	-0.00006	0.00435	0.00473	0.01883
20190125	-0.02050	0.09079	0.01417	0.00466	0.00512	0.02092
20190126	-0.02068	0.09215	0.00375	0.00415	0.00446	0.01857
20190127	-0.01902	0.09454	0.01267	0.00434	0.00468	0.01914
20190128	-0.02321	0.09568	-0.00146	0.00424	0.00453	0.01849
20190129	-0.01829	0.09446	0.00819	0.00387	0.00438	0.01743
20190130	-0.02139	0.09434	-0.00225	0.00392	0.00435	0.01756
20190131	-0.02209	0.09781	-0.00970	0.00531	0.00579	0.02682
20190201	-0.02025	0.09499	-0.00996	0.00396	0.00455	0.01802
20190202	-0.02500	0.09667	-0.00451	0.00421	0.00494	0.01972
20190203	-0.02212	0.09470	0.01377	0.00392	0.00455	0.01823
20190204	-0.01980	0.09143	-0.00362	0.00376	0.00414	0.01689
20190205	-0.02050	0.09021	-0.00096	0.00422	0.00469	0.01936
20190206	-0.02149	0.09602	0.00975	0.00402	0.00453	0.01880
20190207	-0.02072	0.09510	0.00452	0.00380	0.00424	0.01795
20190208	-0.02307	0.09501	0.01580	0.00377	0.00432	0.01799
20190209	-0.02112	0.09243	0.00119	0.00366	0.00427	0.01776
20190210	-0.01982	0.09263	0.00063	0.00369	0.00423	0.01766
20190211	-0.02155	0.09080	0.00396	0.00385	0.00453	0.01881
20190212	-0.01991	0.09421	0.00573	0.00377	0.00424	0.01771
20190213	-0.02195	0.09609	0.01342	0.00355	0.00426	0.01726
20190214	-0.02209	0.09432	0.00887	0.00367	0.00422	0.01749
20190215	-0.02165	0.09205	-0.00651	0.00363	0.00431	0.01794
20190216	-0.02139	0.09545	0.00127	0.00346	0.00411	0.01667
20190217	-0.02095	0.09277	0.00529	0.00382	0.00431	0.01881
20190218	-0.02162	0.09402	-0.00254	0.00384	0.00433	0.01880
20190219	-0.02039	0.09345	0.01460	0.00349	0.00407	0.01696
20190220	-0.02051	0.09516	0.00752	0.00353	0.00411	0.01704
20190221	-0.01859	0.09275	0.01328	0.00363	0.00421	0.01766
20190222	-0.02006	0.08857	-0.00573	0.00381	0.00445	0.01862
20190223	-0.02281	0.09564	0.01774	0.00451	0.00512	0.02177
20190224	-0.02336	0.09226	0.00366	0.00362	0.00420	0.01709
20190225	-0.02254	0.09105	0.00540	0.00380	0.00432	0.01815
20190226	-0.01578	0.09684	0.02309	0.00511	0.00573	0.02452
20190227	-0.02130	0.09082	0.01748	0.00367	0.00418	0.01735
20190228	-0.02244	0.09289	0.01100	0.00399	0.00449	0.01930
20190301	-0.02001	0.09801	0.02023	0.00397	0.00462	0.01853
20190302	-0.02261	0.09265	0.01885	0.00376	0.00432	0.01741
20190303	-0.02187	0.09183	0.01497	0.00366	0.00420	0.01675
20190304	-0.01944	0.08969	0.01922	0.00404	0.00477	0.02046
20190305	-0.02085	0.09056	0.00755	0.00358	0.00456	0.01816
20190306	-0.02021	0.09112	0.02283	0.00391	0.00491	0.01975
20190307	-0.01843	0.09570	0.02447	0.00383	0.00486	0.01992
20190308	-0.02178	0.09044	0.01807	0.00401	0.00500	0.02062
20190309	-0.01998	0.09161	0.03109	0.00369	0.00469	0.01885
20190310	-0.02222	0.09665	0.02283	0.00376	0.00467	0.01950
20190311	-0.01953	0.09169	0.00261	0.00411	0.00508	0.02172
20190312	-0.02239	0.09293	0.02324	0.00370	0.00464	0.01892
20190313	-0.01850	0.09260	0.00117	0.00488	0.00583	0.02589
20190314	-0.02006	0.09501	0.00451	0.00368	0.00471	0.01894
20190315	-0.01413	0.09006	0.03595	0.00391	0.00516	0.02164
20190316	-0.01704	0.09551	0.02266	0.00361	0.00469	0.01928
20190317	-0.01898	0.09408	-0.01249	0.00404	0.00500	0.02187
20190318	-0.01676	0.09718	0.02000	0.00366	0.00459	0.01892
20190319	-0.02043	0.09568	0.00850	0.00345	0.00438	0.01856
20190320	-0.01965	0.09571	0.02415	0.00325	0.00420	0.01682
20190321	-0.01890	0.09416	0.03258	0.00354	0.00438	0.01840
20190322	-0.02041	0.09621	0.01731	0.00377	0.00432	0.01920
20190323	-0.01761	0.09411	0.00656	0.00348	0.00399	0.01716
20190324	-0.01554	0.09236	0.01028	0.00354	0.00420	0.01757
20190325	-0.01779	0.09144	0.00710	0.00388	0.00458	0.01976
20190326	-0.01836	0.09666	0.01397	0.00322	0.00386	0.01589
20190327	-0.01997	0.09814	0.01263	0.00338	0.00403	0.01674
20190328	-0.01888	0.09273	0.00483	0.00328	0.00396	0.01620
20190329	-0.01787	0.09333	-0.00167	0.00338	0.00411	0.01709
20190330	-0.02048	0.09325	0.00083	0.00343	0.00410	0.01665
20190331	-0.02276	0.09464	0.00705	0.00332	0.00401	0.01583
20190401	-0.01934	0.09323	0.00869	0.00358	0.00434	0.01816
20190402	-0.02066	0.09383	-0.00118	0.00356	0.00431	0.01772
20190403	-0.01840	0.09443	0.01146	0.00353	0.00419	0.01736
20190404	-0.01937	0.09974	0.00944	0.00383	0.00455	0.01883
20190405	-0.01708	0.09738	0.00977	0.00399	0.00461	0.01952
20190406	-0.01404	0.09793	0.00477	0.00387	0.00448	0.01931
20190407	-0.02289	0.09605	0.00958	0.00319	0.00388	0.01599
20190408	-0.01905	0.09741	0.00840	0.00341	0.00397	0.01657
20190409	-0.01945	0.09765	0.01802	0.00326	0.00396	0.01611
20190410	-0.01578	0.09574	0.02014	0.00339	0.00409	0.01639
20190411	-0.01825	0.09534	0.03262	0.00394	0.00460	0.02012
20190412	-0.02089	0.09693	0.02626	0.00363	0.00469	0.01902
20190413	-0.01224	0.08876	-0.00236	0.00344	0.00439	0.01814
20190414	-0.01673	0.09373	0.01279	0.00329	0.00410	0.01659
20190415	-0.01937	0.09219	0.01799	0.00326	0.00409	0.01658
20190416	-0.01817	0.09392	0.02300	0.00334	0.00372	0.01593
20190417	-0.01590	0.09390	0.01721	0.00322	0.00399	0.01668
20190418	-0.01765	0.09327	0.01207	0.00313	0.00398	0.01584
20190419	-0.01774	0.09647	0.01846	0.00331	0.00412	0.01643
20190420	-0.01736	0.09366	0.02016	0.00323	0.00394	0.01622
20190421	-0.01306	0.09445	0.01430	0.00354	0.00432	0.01786
20190422	-0.01837	0.09432	0.02852	0.00333	0.00408	0.01654
20190423	-0.01654	0.09316	0.02392	0.00354	0.00426	0.01732
20190424	-0.01389	0.09798	0.03004	0.00334	0.00408	0.01639
20190425	-0.01511	0.09644	0.01695	0.00339	0.00421	0.01683
20190426	-0.02044	0.09658	0.00880	0.00350	0.00434	0.01725
20190427	-0.01062	0.09988	0.03306	0.00356	0.00436	0.01849
20190428	-0.01573	0.09581	0.03808	0.00358	0.00439	0.01875
20190429	-0.01693	0.09565	0.03059	0.00332	0.00413	0.01655
20190430	-0.01436	0.09295	0.03581	0.00334	0.00422	0.01710
20190501	-0.01563	0.09531	0.03473	0.00331	0.00402	0.01648
20190502	-0.00969	0.09199	0.03239	0.00355	0.00429	0.01767
20190503	-0.01673	0.09506	0.02434	0.00326	0.00400	0.01648
20190504	-0.01583	0.09652	0.02406	0.00338	0.00418	0.01710
20190505	-0.01495	0.09306	0.01658	0.00352	0.00441	0.01794
20190506	-0.01495	0.09559	0.02192	0.00342	0.00419	0.01716
20190507	-0.01551	0.09775	0.02157	0.00342	0.00413	0.01671
20190508	-0.01626	0.09515	0.03491	0.00329	0.00397	0.01651
20190509	-0.01573	0.09763	0.03018	0.00349	0.00430	0.01782
20190510	-0.01453	0.09576	0.02437	0.00344	0.00417	0.01767
20190511	-0.01680	0.09612	0.03413	0.00330	0.00396	0.01691
20190512	-0.01432	0.09738	0.03201	0.00349	0.00425	0.01817
20190513	-0.01331	0.09665	0.03125	0.00349	0.00415	0.01824
20190514	-0.01311	0.09502	0.03051	0.00348	0.00411	0.01800
20190515	-0.01271	0.09604	0.02620	0.00340	0.00409	0.01762
20190516	-0.01518	0.09628	0.03498	0.00332	0.00404	0.01725
20190517	-0.01277	0.09531	0.03235	0.00337	0.00405	0.01745
20190518	-0.01476	0.09704	0.02938	0.00337	0.00404	0.01738
20190519	-0.01411	0.09624	0.03656	0.00344	0.00410	0.01752
20190520	-0.01452	0.09665	0.02798	0.00343	0.00405	0.01737
20190521	-0.01505	0.09600	0.03008	0.00347	0.00401	0.01704
20190522	-0.01411	0.09528	0.03075	0.00343	0.00404	0.01711
20190523	-0.01042	0.09465	0.02589	0.00342	0.00417	0.01728
20190524	-0.00952	0.09389	0.03450	0.00346	0.00414	0.01694
20190525	-0.01295	0.09481	0.03000	0.00329	0.00390	0.01632
20190526	-0.01590	0.09603	0.03201	0.00334	0.00398	0.01650
20190527	-0.01444	0.09641	0.02743	0.00350	0.00413	0.01707
20190528	-0.01307	0.09630	0.03187	0.00344	0.00400	0.01664
20190529	-0.01379	0.09569	0.02692	0.00345	0.00397	0.01647
20190530	-0.01355	0.09524	0.02821	0.00377	0.00417	0.01788
20190531	-0.01336	0.09615	0.02934	0.00338	0.00396	0.01604
20190601	-0.01364	0.09545	0.02590	0.00344	0.00389	0.01631
20190602	-0.01148	0.09417	0.02552	0.00341	0.00404	0.01657
20190603	-0.01540	0.09514	0.01576	0.00652	0.00716	0.03453
20190604	-0.01259	0.09541	0.02504	0.00335	0.00403	0.01621
20190605	-0.01426	0.09580	0.03125	0.00342	0.00395	0.01659
20190606	-0.01552	0.09654	0.02573	0.00340	0.00391	0.01649
20190607	-0.01508	0.09636	0.02603	0.00338	0.00387	0.01598
20190608	-0.01296	0.09612	0.02403	0.00335	0.00383	0.01636
20190609	-0.01384	0.09572	0.02567	0.00337	0.00403	0.01676
20190610	-0.01542	0.09563	0.01942	0.00327	0.00393	0.01653
20190611	-0.01265	0.09539	0.02071	0.00336	0.00389	0.01655
20190612	-0.01244	0.09737	0.01667	0.00334	0.00385	0.01619
20190613	-0.01160	0.09504	0.02030	0.00341	0.00404	0.01668
20190614	-0.01294	0.09651	0.02376	0.00337	0.00406	0.01680
20190615	-0.01162	0.09709	0.01770	0.00347	0.00419	0.01725
20190616	-0.01261	0.09506	0.02442	0.00342	0.00422	0.01751
20190617	-0.01094	0.09539	0.02227	0.00341	0.00407	0.01699
20190618	-0.01207	0.09834	0.01775	0.00338	0.00401	0.01660
20190619	-0.01406	0.09621	0.02509	0.00335	0.00403	0.01690
20190620	-0.01468	0.09671	0.03078	0.00333	0.00396	0.01670
20190621	-0.01429	0.09539	0.01853	0.00330	0.00393	0.01627
20190622	-0.01316	0.09691	0.02545	0.00327	0.00390	0.01637
20190623	-0.01184	0.09596	0.02717	0.00326	0.00391	0.01635
20190624	-0.01193	0.09646	0.02560	0.00322	0.00394	0.01616
20190625	-0.01368	0.09563	0.02484	0.00328	0.00399	0.01645
20190626	-0.01169	0.09484	0.02618	0.00328	0.00401	0.01643
20190627	-0.01268	0.09615	0.02101	0.00323	0.00397	0.01632
20190628	-0.01249	0.09581	0.02519	0.00324	0.00398	0.01646
20190629	-0.01414	0.09715	0.02787	0.00341	0.00416	0.01709
20190630	-0.01377	0.09623	0.02134	0.00337	0.00416	0.01704
20190701	-0.01274	0.09490	0.02149	0.00328	0.00405	0.01678
20190702	-0.01296	0.09770	0.02446	0.00328	0.00403	0.01646
20190703	-0.01224	0.09574	0.02502	0.00324	0.00400	0.01648
20190704	-0.01227	0.09592	0.02665	0.00310	0.00387	0.01580
20190705	-0.01229	0.09577	0.02216	0.00316	0.00389	0.01596
20190706	-0.01234	0.09476	0.01975	0.00366	0.00462	0.01920
20190707	-0.01172	0.09533	0.02154	0.00321	0.00391	0.01625
20190708	-0.01207	0.09583	0.01650	0.00327	0.00394	0.01634
20190709	-0.01314	0.09560	0.01992	0.00313	0.00394	0.01620
20190710	-0.01250	0.09722	0.02177	0.00325	0.00408	0.01631
20190711	-0.01239	0.09703	0.02681	0.00317	0.00397	0.01621
20190712	-0.01241	0.09653	0.02485	0.00312	0.00394	0.01615
20190713	-0.01150	0.09678	0.02573	0.00324	0.00401	0.01666
20190714	-0.01109	0.09644	0.02354	0.00322	0.00403	0.01680
20190715	-0.01189	0.09582	0.02127	0.00321	0.00416	0.01667
20190716	-0.01088	0.09540	0.01944	0.00331	0.00406	0.01698
20190717	-0.01195	0.09617	0.01855	0.00327	0.00411	0.01671
20190718	-0.01061	0.09588	0.01769	0.00335	0.00415	0.01718
20190719	-0.01343	0.09718	0.02090	0.00406	0.00459	0.01796
20190720	-0.01177	0.09891	0.01747	0.00339	0.00431	0.01684
20190721	-0.01131	0.09790	0.02533	0.00325	0.00417	0.01634
20190722	-0.00925	0.09812	0.02492	0.00323	0.00406	0.01641
20190723	-0.01102	0.09719	0.01844	0.00339	0.00414	0.01712
20190724	-0.01111	0.09521	0.00843	0.00377	0.00446	0.01989
20190725	-0.01187	0.09677	0.02585	0.00315	0.00392	0.01636
20190726	-0.01148	0.09840	0.02245	0.00312	0.00390	0.01614
20190727	-0.01098	0.09745	0.02686	0.00310	0.00389	0.01616
20190728	-0.01150	0.09727	0.02594	0.00315	0.00393	0.01622
20190729	-0.01094	0.09776	0.03140	0.00317	0.00398	0.01667
20190730	-0.01144	0.09688	0.02045	0.00319	0.00403	0.01684
20190731	-0.01022	0.09892	0.01957	0.00323	0.00406	0.01688
20190801	-0.01010	0.09880	0.02410	0.00319	0.00416	0.01663
20190802	-0.01013	0.09782	0.02608	0.00332	0.00412	0.01732
20190803	-0.01109	0.09872	0.02503	0.00318	0.00393	0.01648
20190804	-0.01018	0.09818	0.02508	0.00323	0.00398	0.01698
20190805	-0.01002	0.09742	0.02495	0.00317	0.00386	0.01618
20190806	-0.01008	0.09918	0.02592	0.00323	0.00397	0.01654
20190807	-0.01054	0.09775	0.02411	0.00317	0.00395	0.01643
20190808	-0.01055	0.09800	0.02184	0.00322	0.00396	0.01677
20190809	-0.01087	0.09615	0.01830	0.00326	0.00404	0.01667
20190810	-0.01008	0.09732	0.02102	0.00325	0.00404	0.01700
20190811	-0.00959	0.09587	0.01811	0.00330	0.00420	0.01758
20190812	-0.00925	0.09832	0.02670	0.00332	0.00404	0.01708
20190813	-0.01069	0.09570	0.01776	0.00329	0.00405	0.01707
20190814	-0.01008	0.09774	0.01420	0.00341	0.00410	0.01708
20190815	-0.01003	0.09666	0.01522	0.00328	0.00392	0.01632
20190816	-0.00943	0.09645	0.01979	0.00337	0.00413	0.01693
20190817	-0.01023	0.09646	0.02102	0.00329	0.00395	0.01635
20190818	-0.01022	0.09607	0.02192	0.00335	0.00397	0.01634
20190819	-0.00866	0.09568	0.02903	0.00342	0.00415	0.01700
20190820	-0.00911	0.09753	0.02067	0.00341	0.00397	0.01692
20190821	-0.00718	0.09655	0.01251	0.00440	0.00517	0.02295
20190822	-0.00998	0.09777	0.02017	0.00337	0.00394	0.01684
20190823	-0.00997	0.09537	0.02382	0.00348	0.00405	0.01749
20190824	-0.00723	0.09821	0.01550	0.00345	0.00417	0.01731
20190825	-0.00762	0.09846	0.04894	0.00357	0.00422	0.01802
20190826	-0.00801	0.09697	0.01925	0.00336	0.00397	0.01683
20190827	-0.01109	0.09686	0.02318	0.00346	0.00408	0.01756
20190828	-0.01091	0.09562	0.01469	0.00347	0.00431	0.01757
20190829	-0.00840	0.09545	0.01543	0.00334	0.00431	0.01802
20190830	-0.00796	0.09542	0.01851	0.00329	0.00401	0.01647
20190831	-0.00909	0.09572	0.02392	0.00341	0.00399	0.01670
20190901	-0.00784	0.09787	0.02410	0.00336	0.00413	0.01638
20190902	-0.00941	0.09674	0.02648	0.00344	0.00455	0.01752
20190903	-0.00882	0.09852	0.02759	0.00350	0.00446	0.01762
20190904	-0.00941	0.09730	0.02122	0.00346	0.00429	0.01717
20190905	-0.01075	0.09928	0.02370	0.00346	0.00424	0.01680
20190906	-0.00955	0.09978	0.02999	0.00377	0.00454	0.01840
20190907	-0.01229	0.09716	0.02420	0.00457	0.00553	0.02297
20190909	-0.01135	0.09726	0.03765	0.00350	0.00432	0.01720
20190910	-0.00890	0.09663	0.02160	0.00346	0.00422	0.01685
20190911	-0.01064	0.09818	0.02383	0.00351	0.00437	0.01755
20190912	-0.00849	0.09693	0.01497	0.00357	0.00443	0.01775
20190913	-0.00956	0.09739	0.02350	0.00361	0.00448	0.01782
20190914	-0.01004	0.09908	0.02764	0.00357	0.00455	0.01771
20190915	-0.00935	0.09785	0.02092	0.00338	0.00417	0.01620
20190916	-0.00998	0.09817	0.02946	0.00352	0.00447	0.01758
20190917	-0.00947	0.09602	0.01894	0.00351	0.00430	0.01693
20190918	-0.00829	0.09772	0.02469	0.00330	0.00431	0.01641
20190919	-0.00745	0.09696	0.02609	0.00325	0.00423	0.01614
20190920	-0.00896	0.09734	0.03506	0.00354	0.00429	0.01699
20190921	-0.00852	0.10075	0.03008	0.00341	0.00450	0.01651
20190922	-0.00847	0.09588	0.02328	0.00338	0.00425	0.01643
20190923	-0.00805	0.09723	0.03712	0.00348	0.00431	0.01722
20190924	-0.00665	0.09608	0.02604	0.00347	0.00428	0.01710
20190925	-0.00874	0.09883	0.02540	0.00353	0.00450	0.01692
20190926	-0.00909	0.09612	0.02935	0.00342	0.00423	0.01652
20190927	-0.00855	0.09618	0.02897	0.00335	0.00420	0.01650
20190928	-0.00811	0.09781	0.01705	0.00333	0.00419	0.01644
20190929	-0.00842	0.09942	0.02320	0.00352	0.00454	0.01698
20190930	-0.00845	0.10108	0.01622	0.00357	0.00453	0.01805
20191001	-0.00865	0.09597	0.02013	0.00358	0.00477	0.01787
20191002	-0.00774	0.09662	0.01079	0.00364	0.00468	0.01859
20191003	-0.01073	0.09911	0.02711	0.00356	0.00431	0.01706
20191004	-0.01002	0.09474	0.01827	0.00363	0.00457	0.01822
20191005	-0.00879	0.09457	0.01963	0.00378	0.00446	0.01783
20191006	-0.00982	0.09570	0.03746	0.00378	0.00440	0.01797
20191007	-0.00995	0.09728	0.02979	0.00339	0.00413	0.01648
20191008	-0.00828	0.09568	0.03389	0.00329	0.00416	0.01643
20191009	-0.00905	0.09634	0.03056	0.00349	0.00420	0.01693
20191010	-0.00888	0.09544	0.02207	0.00334	0.00425	0.01682
20191011	-0.00945	0.09595	0.02740	0.00336	0.00433	0.01713
20191012	-0.00926	0.09739	0.03217	0.00331	0.00425	0.01687
20191013	-0.00830	0.09616	0.03374	0.00355	0.00455	0.01803
20191014	-0.00714	0.09742	0.02246	0.00343	0.00441	0.01771
20191015	-0.00671	0.09717	0.02476	0.00333	0.00405	0.01690
20191016	-0.00749	0.09648	0.03008	0.00332	0.00402	0.01658
20191017	-0.00815	0.09534	0.03158	0.00331	0.00404	0.01647
20191018	-0.00863	0.09906	0.02519	0.00331	0.00404	0.01628
20191019	-0.00812	0.09551	0.02136	0.00344	0.00415	0.01689
20191020	-0.00944	0.09901	0.01800	0.00352	0.00426	0.01751
20191021	-0.00835	0.09690	0.03227	0.00340	0.00416	0.01679
20191022	-0.00804	0.09668	0.02196	0.00342	0.00423	0.01726
20191023	-0.00820	0.09467	0.02932	0.00330	0.00400	0.01619
20191024	-0.00974	0.09735	0.02915	0.00334	0.00418	0.01658
20191025	-0.00663	0.09538	0.02464	0.00326	0.00403	0.01614
20191026	-0.01025	0.09809	0.01849	0.00337	0.00422	0.01676
20191027	-0.00927	0.09564	0.02461	0.00334	0.00428	0.01653
20191028	-0.00754	0.09663	0.02428	0.00343	0.00435	0.01727
20191029	-0.00737	0.09755	0.01987	0.00346	0.00430	0.01744
20191030	-0.00693	0.09560	0.03294	0.00353	0.00457	0.01734
20191031	-0.00681	0.09490	0.03052	0.00370	0.00478	0.01849
20191101	-0.00609	0.09695	0.02565	0.00351	0.00469	0.01773
20191102	-0.00912	0.09744	0.03369	0.00357	0.00482	0.01818
20191103	-0.00596	0.09778	0.03347	0.00343	0.00446	0.01741
20191104	-0.00663	0.09383	0.02878	0.00363	0.00480	0.01877
20191105	-0.00789	0.09642	0.02266	0.00350	0.00456	0.01759
20191106	-0.00814	0.09579	0.03395	0.00348	0.00463	0.01779
20191107	-0.00805	0.09472	0.02258	0.00343	0.00462	0.01811
20191108	-0.00645	0.09827	0.02729	0.00349	0.00476	0.01811
20191109	-0.00602	0.09631	0.03315	0.00346	0.00470	0.01812
20191110	-0.00745	0.09866	0.02105	0.00347	0.00460	0.01792
20191111	-0.00808	0.09601	0.03250	0.00344	0.00458	0.01769
20191112	-0.00476	0.09610	0.02824	0.00353	0.00470	0.01822
20191113	-0.00762	0.09978	0.03109	0.00336	0.00457	0.01711
20191114	-0.00690	0.09657	0.02397	0.00355	0.00481	0.01831
20191115	-0.00467	0.09850	0.02621	0.00372	0.00486	0.01899
20191116	-0.00771	0.09562	0.03400	0.00350	0.00460	0.01770
20191117	-0.00643	0.09565	0.02956	0.00334	0.00456	0.01698
20191118	-0.00812	0.09831	0.03650	0.00345	0.00488	0.01770
20191119	-0.00627	0.09763	0.02818	0.00351	0.00474	0.01791
20191120	-0.00391	0.09714	0.02122	0.00354	0.00487	0.01810
20191121	-0.00461	0.09962	0.03922	0.00346	0.00499	0.01965
20191122	-0.00629	0.09707	0.01971	0.00368	0.00491	0.01855
20191123	-0.00684	0.09749	0.02529	0.00368	0.00471	0.01824
20191124	-0.00790	0.09692	0.02912	0.00355	0.00439	0.01758
20191125	-0.00785	0.09709	0.02403	0.00364	0.00481	0.01785
20191126	-0.00438	0.09600	0.01670	0.00387	0.00520	0.01941
20191127	-0.00667	0.09406	0.02579	0.00371	0.00476	0.01770
20191128	-0.00412	0.09682	0.03004	0.00364	0.00463	0.01762
20191129	-0.00564	0.09419	0.03564	0.00366	0.00477	0.01787
20191130	-0.00717	0.09645	0.02406	0.00376	0.00490	0.01849
20191201	-0.00707	0.09670	0.02027	0.00375	0.00470	0.01813
20191202	-0.00700	0.09564	0.03429	0.00364	0.00455	0.01725
20191203	-0.00583	0.09661	0.02002	0.00384	0.00465	0.01811
20191204	-0.00603	0.09644	0.01510	0.00396	0.00465	0.01775
20191205	-0.00552	0.09685	0.02434	0.00404	0.00475	0.01833
20191206	-0.00685	0.09729	0.02888	0.00414	0.00496	0.01942
20191207	-0.00597	0.09836	0.01434	0.00408	0.00469	0.01864
20191208	-0.00504	0.09577	0.02169	0.00437	0.00514	0.02034
20191209	-0.00549	0.09840	0.02358	0.00421	0.00484	0.01949
20191210	-0.00509	0.09839	0.02137	0.00430	0.00487	0.01969
20191211	-0.00619	0.09393	0.02760	0.00431	0.00488	0.01938
20191212	-0.00218	0.09564	0.01047	0.00451	0.00476	0.01931
20191213	-0.00597	0.09523	0.01626	0.00425	0.00440	0.01755
20191214	-0.00681	0.09439	0.01367	0.00432	0.00445	0.01789
20191215	-0.00570	0.09857	0.03679	0.00420	0.00469	0.01887
20191216	-0.00514	0.09883	0.02786	0.00441	0.00481	0.01987
20191217	-0.00531	0.09768	0.02703	0.00413	0.00462	0.01889
20191218	-0.00728	0.09928	0.01310	0.00418	0.00461	0.01859
20191219	-0.00838	0.09284	0.01481	0.00447	0.00497	0.01962
20191220	-0.00294	0.09286	0.01918	0.00417	0.00485	0.01916
20191221	-0.00557	0.09467	0.02579	0.00406	0.00446	0.01768
20191222	-0.00685	0.09758	0.01928	0.00373	0.00437	0.01735
20191223	-0.00619	0.09504	0.02145	0.00395	0.00466	0.01844
20191224	-0.00605	0.09618	0.03684	0.00392	0.00458	0.01837
20191225	-0.00354	0.09496	0.01996	0.00414	0.00447	0.01811
20191226	-0.00549	0.09533	0.01768	0.00394	0.00456	0.01753
20191227	-0.00143	0.09478	0.03060	0.00417	0.00502	0.01915
20191228	0.00127	0.09426	0.03522	0.00424	0.00477	0.01876
20191229	-0.00318	0.08781	0.04326	0.00445	0.00505	0.01994
20191230	-0.00009	0.09834	-0.00024	0.00451	0.00530	0.02051
20191231	-0.00430	0.09280	0.02299	0.00400	0.00457	0.01730
20200101	-0.00474	0.09780	0.02290	0.00386	0.00436	0.01649
20200102	-0.00324	0.09616	0.02205	0.00403	0.00454	0.01706
20200103	-0.00580	0.09741	0.01959	0.00416	0.00462	0.01803
20200104	-0.00227	0.09630	0.02066	0.00430	0.00484	0.01822
20200105	-0.00456	0.09631	0.01440	0.00420	0.00467	0.01783
20200106	-0.00555	0.09605	0.01801	0.00427	0.00472	0.01816
20200107	-0.00629	0.09685	-0.02424	0.00446	0.00499	0.01887
20200108	-0.00346	0.09537	-0.00501	0.00460	0.00512	0.01947
20200109	-0.00213	0.09446	0.00715	0.00427	0.00469	0.01794
20200110	-0.00200	0.09612	0.02392	0.00483	0.00528	0.02017
20200111	-0.00548	0.09587	0.02441	0.00394	0.00438	0.01621
20200112	-0.00348	0.09508	0.03069	0.00432	0.00472	0.01787
20200113	-0.00348	0.09596	0.01290	0.00423	0.00466	0.01762
20200114	-0.00425	0.09994	0.00786	0.00395	0.00456	0.01650
20200115	-0.00492	0.09454	0.00727	0.00421	0.00476	0.01785
20200116	-0.00216	0.09084	0.01944	0.00430	0.00492	0.01961
20200117	-0.00444	0.09006	0.03543	0.00400	0.00453	0.01702
20200118	-0.00765	0.09410	0.01545	0.00418	0.00481	0.01816
20200119	-0.00157	0.09643	0.02545	0.00432	0.00500	0.01881
20200120	-0.00329	0.09920	0.00383	0.00384	0.00457	0.01695
20200121	-0.00370	0.09687	0.01461	0.00388	0.00461	0.01707
20200122	-0.00210	0.09619	0.02914	0.00410	0.00477	0.01833
20200123	-0.00453	0.09493	0.00564	0.00468	0.00565	0.02357
20200124	-0.00438	0.09450	0.00881	0.00509	0.00604	0.02552
20200125	-0.00423	0.09593	-0.00171	0.00433	0.00500	0.01963
20200126	-0.00445	0.09189	-0.00305	0.00442	0.00503	0.01964
20200127	-0.00577	0.09822	0.01519	0.00422	0.00499	0.01915
20200128	-0.00169	0.09018	0.00651	0.00406	0.00471	0.01861
20200129	-0.00391	0.09538	0.01393	0.00376	0.00452	0.01694
20200130	-0.00398	0.09294	0.01202	0.00498	0.00617	0.02645
20200131	0.00145	0.09515	0.01731	0.00452	0.00495	0.01955
20200201	-0.00839	0.09470	0.01024	0.00394	0.00440	0.01691
20200202	-0.00494	0.09995	0.00724	0.00401	0.00469	0.01752
20200203	-0.00424	0.09849	0.02962	0.00368	0.00424	0.01581
20200204	-0.00369	0.09981	0.02021	0.00389	0.00459	0.01696
20200205	0.00054	0.10113	0.02148	0.00453	0.00523	0.02044
20200206	-0.00317	0.09732	0.02626	0.00380	0.00447	0.01664
20200207	-0.00292	0.09487	0.01754	0.00374	0.00450	0.01636
20200208	-0.00346	0.09685	0.02789	0.00367	0.00421	0.01573
20200209	-0.00152	0.09472	0.03239	0.00382	0.00434	0.01619
20200210	-0.00242	0.09428	0.01799	0.00375	0.00428	0.01621
20200211	-0.00476	0.09535	0.02803	0.00396	0.00444	0.01682
20200212	-0.00321	0.09707	0.01343	0.00363	0.00415	0.01542
20200213	-0.00462	0.09477	0.01095	0.00394	0.00439	0.01674
20200214	-0.00433	0.09842	0.00838	0.00374	0.00439	0.01652
20200215	0.00020	0.09413	0.01636	0.00416	0.00469	0.01837
20200216	-0.00669	0.09720	0.01871	0.00400	0.00474	0.01767
20200217	-0.00128	0.09395	0.01199	0.00393	0.00463	0.01769
20200218	-0.00508	0.09454	0.02611	0.00393	0.00465	0.01809
20200219	0.00035	0.09330	0.01575	0.00411	0.00462	0.01808
20200220	-0.00222	0.09390	0.01101	0.00390	0.00467	0.01747
20200221	-0.00415	0.09740	0.00560	0.00341	0.00398	0.01544
20200222	-0.00423	0.09717	0.01454	0.00376	0.00430	0.01715
20200223	-0.00459	0.09435	0.00791	0.00361	0.00415	0.01624
20200224	0.00025	0.09916	0.01607	0.00375	0.00440	0.01714
20200225	-0.00439	0.09816	0.02156	0.00382	0.00436	0.01705
20200226	-0.00518	0.09915	0.00529	0.00348	0.00410	0.01596
20200227	0.00046	0.09809	0.02371	0.00416	0.00475	0.01868
20200228	-0.00577	0.09479	0.01474	0.00360	0.00409	0.01607
20200229	-0.00504	0.09664	0.01158	0.00352	0.00399	0.01576
20200301	-0.00822	0.09847	0.01694	0.00399	0.00449	0.01785
20200302	0.00183	0.10023	0.02528	0.00414	0.00465	0.01845
20200303	0.00357	0.09915	0.01002	0.00446	0.00495	0.02000
20200304	0.00027	0.09582	-0.00201	0.00401	0.00447	0.01807
20200305	-0.00310	0.09559	0.02491	0.00404	0.00463	0.01839
20200306	0.00138	0.09668	0.02683	0.00511	0.00559	0.02303
20200307	-0.00600	0.09084	0.00394	0.00380	0.00425	0.01667
20200308	-0.00611	0.09707	0.00866	0.00372	0.00414	0.01620
20200309	-0.00529	0.09547	0.01731	0.00384	0.00436	0.01702
20200310	-0.00147	0.09707	0.02190	0.00380	0.00462	0.01726
20200311	0.00179	0.09514	0.01290	0.00415	0.00484	0.01884
20200312	-0.00126	0.09258	0.01603	0.00353	0.00414	0.01572
20200313	-0.00208	0.09782	0.00970	0.00368	0.00447	0.01672
20200314	-0.00612	0.09712	0.01271	0.00357	0.00445	0.01608
20200315	-0.00380	0.09340	0.01568	0.00357	0.00442	0.01611
20200316	-0.00583	0.09342	0.01428	0.00351	0.00432	0.01585
20200317	-0.00291	0.09443	0.02740	0.00345	0.00435	0.01579
20200318	-0.00133	0.09407	0.01680	0.00353	0.00421	0.01601
20200319	-0.00237	0.08895	0.00922	0.00353	0.00430	0.01570
20200320	-0.00461	0.09094	0.01665	0.00346	0.00414	0.01532
20200321	-0.00242	0.09603	0.01561	0.00360	0.00444	0.01652
20200322	-0.00575	0.09091	0.00597	0.00339	0.00410	0.01544
20200323	-0.00824	0.09152	0.01393	0.00381	0.00466	0.01716
20200324	-0.00394	0.08932	0.01032	0.00365	0.00433	0.01672
20200325	-0.00504	0.09298	0.00894	0.00355	0.00435	0.01620
20200326	-0.00390	0.09490	0.00292	0.00376	0.00451	0.01705
20200327	-0.00086	0.09364	0.00689	0.00451	0.00542	0.01980
20200328	-0.00273	0.09375	0.00990	0.00426	0.00502	0.01859
20200329	-0.00511	0.09382	0.01569	0.00378	0.00465	0.01657
20200330	-0.00600	0.08962	0.01883	0.00402	0.00487	0.01774
20200331	-0.00650	0.09130	0.02843	0.00401	0.00487	0.01757
20200401	-0.00766	0.09203	0.01238	0.00411	0.00493	0.01817
20200402	-0.00493	0.09127	0.02552	0.00382	0.00466	0.01698
20200403	-0.00816	0.09232	0.01481	0.00387	0.00471	0.01742
20200404	-0.00185	0.09201	0.02035	0.00389	0.00462	0.01732
20200405	0.00168	0.09026	0.03755	0.00397	0.00472	0.01744
20200406	-0.00271	0.09258	0.01077	0.00393	0.00466	0.01736
20200407	-0.00300	0.09301	0.01316	0.00385	0.00459	0.01755
20200408	0.00620	0.08821	0.03625	0.00446	0.00538	0.02008
20200409	-0.00043	0.09386	0.02256	0.00392	0.00466	0.01769
20200410	0.00189	0.08670	0.02602	0.00408	0.00487	0.01821
20200411	0.00053	0.09231	0.02942	0.00372	0.00452	0.01678
20200412	-0.00153	0.08945	0.03904	0.00362	0.00440	0.01624
20200413	-0.00025	0.08837	0.02942	0.00387	0.00470	0.01774
20200414	0.00071	0.09145	0.02983	0.00370	0.00466	0.01710
20200415	-0.00565	0.09172	0.01727	0.00396	0.00481	0.01822
20200416	-0.00310	0.08995	0.02387	0.00364	0.00452	0.01678
20200417	-0.00200	0.08623	0.00642	0.00396	0.00490	0.01832
20200418	-0.00262	0.09059	0.01694	0.00398	0.00482	0.01841
20200419	-0.00113	0.09218	0.02203	0.00380	0.00470	0.01764
20200420	-0.00432	0.09258	0.01839	0.00370	0.00451	0.01704
20200421	-0.00217	0.09099	0.03071	0.00389	0.00454	0.01675
20200422	-0.00132	0.09334	0.02614	0.00372	0.00445	0.01609
20200423	-0.00072	0.09082	0.02992	0.00364	0.00419	0.01594
20200424	-0.00081	0.08954	0.03225	0.00365	0.00423	0.01614
20200425	0.00188	0.08920	0.03546	0.00369	0.00433	0.01634
20200426	0.00034	0.09101	0.03506	0.00404	0.00434	0.01635
20200427	-0.00153	0.08853	0.02534	0.00385	0.00436	0.01704
20200428	-0.00119	0.09100	0.01899	0.00368	0.00429	0.01659
20200429	-0.00020	0.08958	0.01776	0.00365	0.00418	0.01642
20200430	-0.00090	0.08950	0.03105	0.00374	0.00435	0.01704
20200501	-0.00203	0.08925	0.03082	0.00388	0.00458	0.01818
20200502	-0.00153	0.09129	0.02964	0.00372	0.00430	0.01679
20200503	-0.00148	0.08962	0.01704	0.00410	0.00448	0.01761
20200504	-0.00089	0.09162	0.02559	0.00384	0.00435	0.01732
20200505	0.00148	0.08906	0.02694	0.00395	0.00450	0.01809
20200506	0.00048	0.08951	0.02610	0.00382	0.00423	0.01706
20200507	0.00200	0.08592	0.03074	0.00374	0.00424	0.01662
20200508	0.00107	0.08814	0.02371	0.00422	0.00428	0.01826
20200509	0.00064	0.08988	0.03180	0.00355	0.00402	0.01573
20200510	-0.00023	0.08878	0.03040	0.00376	0.00420	0.01647
20200511	0.00046	0.08904	0.02404	0.00368	0.00415	0.01588
20200512	0.00149	0.08762	0.03028	0.00384	0.00423	0.01615
20200513	0.00153	0.08755	0.02646	0.00375	0.00409	0.01560
20200514	0.00349	0.08719	0.02719	0.00410	0.00452	0.01683
20200515	0.00170	0.08729	0.03122	0.00404	0.00438	0.01654
20200516	0.00235	0.08813	0.02017	0.00431	0.00461	0.01775
20200517	-0.00047	0.09040	0.03904	0.00423	0.00506	0.01732
20200518	0.00264	0.08850	0.02914	0.00393	0.00419	0.01594
20200519	0.00418	0.08964	0.03055	0.00414	0.00432	0.01677
20200520	0.00405	0.09056	0.02584	0.00424	0.00439	0.01702
20200521	0.00197	0.08929	0.02836	0.00417	0.00435	0.01680
20200522	0.00205	0.09045	0.02942	0.00492	0.00510	0.01849
20200523	0.00152	0.09152	0.03678	0.00412	0.00421	0.01652
20200524	0.00370	0.08840	0.02653	0.00402	0.00412	0.01612
20200525	0.00272	0.09012	0.03287	0.00398	0.00412	0.01624
20200526	0.00082	0.08898	0.03176	0.00403	0.00415	0.01628
20200527	0.00279	0.09090	0.02871	0.00386	0.00399	0.01565
20200529	0.00147	0.09083	0.03683	0.00423	0.00424	0.01654
20200530	0.00193	0.09104	0.03715	0.00421	0.00435	0.01696
20200531	0.00487	0.09005	0.02085	0.00441	0.00448	0.01735
20200601	0.00078	0.08830	0.02732	0.00414	0.00421	0.01640
20200602	0.00143	0.08757	0.02666	0.00435	0.00435	0.01693
20200603	0.00173	0.08955	0.03226	0.00434	0.00435	0.01699
20200604	0.00215	0.08720	0.01838	0.00442	0.00437	0.01733
20200605	0.00119	0.08941	0.03555	0.00465	0.00453	0.01845
20200606	0.00322	0.08990	0.02833	0.00453	0.00451	0.01860
20200607	0.00269	0.08909	0.02809	0.00444	0.00439	0.01797
20200608	0.00342	0.08831	0.02655	0.00433	0.00429	0.01769
20200609	0.00259	0.08998	0.03464	0.00420	0.00414	0.01668
20200610	0.00599	0.08781	0.02420	0.00410	0.00407	0.01635
20200611	0.00388	0.08927	0.03262	0.00425	0.00421	0.01706
20200613	0.00249	0.08858	0.03810	0.00424	0.00421	0.01707
20200614	0.00302	0.08896	0.02204	0.00447	0.00440	0.01805
20200615	0.00400	0.08755	0.02130	0.00416	0.00411	0.01656
20200616	0.00297	0.08951	0.02957	0.00425	0.00412	0.01690
20200617	0.00199	0.09296	0.04360	0.00453	0.00444	0.01843
20200618	0.00428	0.09120	0.03367	0.00422	0.00436	0.01694
20200619	0.00350	0.08965	0.02416	0.00418	0.00421	0.01665
20200620	0.00454	0.08936	0.02966	0.00397	0.00399	0.01595
20200621	0.00293	0.08959	0.03076	0.00407	0.00420	0.01653
20200622	0.00257	0.09003	0.02923	0.00406	0.00406	0.01658
20200623	0.00089	0.09059	0.03041	0.00398	0.00400	0.01625
20200624	0.00270	0.08904	0.02960	0.00401	0.00418	0.01635
20200625	0.00318	0.09088	0.03273	0.00409	0.00412	0.01662
20200626	0.00175	0.09084	0.03890	0.00406	0.00390	0.01666
20200627	0.00264	0.08901	0.02145	0.00397	0.00391	0.01633
20200628	0.00318	0.08929	0.02668	0.00392	0.00389	0.01624
20200629	0.00243	0.09041	0.03000	0.00380	0.00374	0.01567
20200630	0.00362	0.09032	0.03026	0.00395	0.00387	0.01613
20200701	0.00343	0.08893	0.02578	0.00397	0.00393	0.01675
20200702	0.00239	0.08886	0.02727	0.00374	0.00369	0.01574
20200703	0.00330	0.08989	0.03274	0.00379	0.00376	0.01584
20200705	0.00367	0.09065	0.02813	0.00386	0.00380	0.01628
20200706	0.00511	0.08957	0.02048	0.00415	0.00399	0.01741
20200707	0.00270	0.09021	0.01253	0.00408	0.00398	0.01745
20200708	0.00346	0.08955	0.02729	0.00395	0.00401	0.01715
20200709	0.00279	0.09108	0.02620	0.00392	0.00403	0.01708
20200710	0.00216	0.08969	0.02338	0.00397	0.00387	0.01728
20200711	0.00340	0.08874	0.02441	0.00393	0.00402	0.01753
20200712	0.00269	0.08966	0.02850	0.00417	0.00398	0.01806
20200713	0.00388	0.08977	0.03105	0.00394	0.00378	0.01707
20200714	0.00381	0.08991	0.02574	0.00391	0.00382	0.01681
20200715	0.00417	0.08983	0.02954	0.00387	0.00378	0.01665
20200716	0.00431	0.09051	0.03912	0.00398	0.00389	0.01729
20200717	0.00405	0.09055	0.02905	0.00396	0.00387	0.01740
20200718	0.00585	0.08873	0.02279	0.00382	0.00382	0.01690
20200719	0.00459	0.08909	0.03120	0.00389	0.00404	0.01749
20200720	0.00490	0.08943	0.03103	0.00388	0.00385	0.01692
20200721	0.00534	0.08957	0.02632	0.00398	0.00391	0.01742
20200722	0.00558	0.09014	0.03128	0.00403	0.00426	0.01868
20200723	0.00579	0.09056	0.02261	0.00403	0.00419	0.01772
20200724	0.00492	0.08999	0.02414	0.00394	0.00396	0.01750
20200725	0.00435	0.09068	0.02923	0.00388	0.00420	0.01750
20200726	0.00427	0.09016	0.02982	0.00394	0.00397	0.01735
20200727	0.00442	0.09067	0.03302	0.00383	0.00387	0.01646
20200728	0.00491	0.08768	0.02348	0.00392	0.00426	0.01788
20200729	0.00600	0.08709	0.02530	0.00391	0.00442	0.01815
20200730	0.00490	0.08654	0.01991	0.00397	0.00450	0.01830
20200731	0.00479	0.08701	0.01231	0.00407	0.00467	0.01901
20200801	0.00370	0.08911	0.01354	0.00408	0.00472	0.01929
20200802	0.00531	0.08831	0.02453	0.00419	0.00480	0.01994
20200803	0.00516	0.08700	0.02016	0.00392	0.00454	0.01810
20200804	0.00713	0.08841	0.01845	0.00404	0.00459	0.01909
20200805	0.00668	0.08815	0.01915	0.00407	0.00473	0.01902
20200806	0.00457	0.08957	0.01826	0.00429	0.00490	0.02009
20200807	0.00633	0.08941	0.01652	0.00409	0.00470	0.01905
20200808	0.00579	0.08669	0.02177	0.00392	0.00454	0.01845
20200809	0.00694	0.08712	0.02333	0.00396	0.00465	0.01868
20200810	0.00720	0.08904	0.02887	0.00384	0.00455	0.01862
20200811	0.00815	0.08899	0.02457	0.00389	0.00453	0.01843
20200812	0.00898	0.08920	0.00582	0.00401	0.00471	0.01909
20200813	0.00742	0.09071	0.01367	0.00399	0.00465	0.01971
20200814	0.00780	0.09056	0.02717	0.00386	0.00456	0.01812
20200815	0.00820	0.09191	0.01956	0.00389	0.00461	0.01828
20200816	0.01094	0.09106	0.01548	0.00393	0.00472	0.01880
20200817	0.00820	0.08960	0.01696	0.00412	0.00484	0.01953
20200818	0.00644	0.08920	0.02956	0.00397	0.00479	0.01920
20200819	0.00851	0.08998	0.02105	0.00393	0.00460	0.01861
20200820	0.00639	0.09135	0.01267	0.00409	0.00478	0.02007
20200821	0.00912	0.09196	0.03222	0.00443	0.00501	0.02232
20200822	0.01163	0.09062	0.01381	0.00406	0.00481	0.01953
20200823	0.01010	0.08908	0.01586	0.00408	0.00485	0.01962
20200824	0.01033	0.09280	0.02688	0.00411	0.00485	0.01978
20200825	0.01000	0.08812	0.01213	0.00406	0.00499	0.01977
20200826	0.00685	0.08908	0.02361	0.00417	0.00520	0.02040
20200827	0.00721	0.09030	0.02480	0.00416	0.00506	0.02017
20200828	0.00956	0.09104	0.02551	0.00408	0.00509	0.02016
20200829	0.00924	0.09150	0.03599	0.00397	0.00492	0.01975
20200830	0.00822	0.08917	0.02309	0.00406	0.00496	0.02007
20200831	0.01006	0.09180	0.03908	0.00408	0.00529	0.02115
20200901	0.00773	0.08920	0.03375	0.00406	0.00503	0.02068
20200902	0.01011	0.09192	0.02284	0.00392	0.00493	0.01995
20200903	0.01279	0.09389	0.02582	0.00400	0.00500	0.02049
20200904	0.01125	0.09544	0.02919	0.00402	0.00513	0.02066
20200905	0.01140	0.09143	0.03158	0.00412	0.00529	0.02075
20200906	0.01025	0.09260	0.03575	0.00385	0.00489	0.01991
20200907	0.01191	0.09031	0.02537	0.00394	0.00496	0.02025
20200908	0.01150	0.09158	0.02062	0.00402	0.00511	0.02083
20200909	0.00982	0.09114	0.01391	0.00409	0.00520	0.02147
20200910	0.01280	0.09228	0.03390	0.00398	0.00499	0.02076
20200911	0.01367	0.09302	0.03613	0.00376	0.00475	0.01952
20200912	0.01320	0.09202	0.03453	0.00388	0.00481	0.02011
20200913	0.01094	0.09207	0.02207	0.00391	0.00496	0.02048
20200914	0.00967	0.09357	0.02821	0.00410	0.00532	0.02165
20200915	0.01116	0.09219	0.02855	0.00395	0.00516	0.02086
20200916	0.00985	0.09017	-0.00320	0.00413	0.00551	0.02175
20200917	0.01087	0.09216	0.01786	0.00408	0.00536	0.02152
20200918	0.01060	0.09256	0.02391	0.00397	0.00516	0.02079
20200919	0.01111	0.08883	0.01050	0.00400	0.00526	0.02093
20200920	0.00893	0.09283	0.02602	0.00398	0.00524	0.02089
20200921	0.00957	0.08861	0.01202	0.00448	0.00571	0.02318
20200922	0.01179	0.08834	0.02668	0.00402	0.00516	0.02042
20200923	0.01073	0.09116	0.02000	0.00395	0.00503	0.01981
20200924	0.01179	0.09200	0.01552	0.00435	0.00529	0.02109
20200925	0.01194	0.09082	0.01970	0.00405	0.00497	0.01913
20200926	0.01259	0.09123	0.02428	0.00426	0.00523	0.02052
20200927	0.01300	0.09157	0.02529	0.00404	0.00496	0.01958
20200928	0.01097	0.09347	0.03081	0.00419	0.00507	0.02020
20200929	0.01248	0.09203	0.02494	0.00425	0.00525	0.02057
20200930	0.01222	0.08839	0.02038	0.00432	0.00532	0.02115
20201001	0.01363	0.09221	0.01573	0.00400	0.00504	0.01977
20201002	0.01327	0.09277	0.01862	0.00447	0.00565	0.02195
20201003	0.01118	0.09255	0.01322	0.00409	0.00496	0.02006
20201004	0.01173	0.09058	0.01681	0.00449	0.00527	0.02128
20201005	0.01279	0.09180	0.01891	0.00455	0.00589	0.02128
20201006	0.01419	0.09298	0.02979	0.00427	0.00525	0.02053
20201007	0.01242	0.09383	0.02889	0.00453	0.00579	0.02255
20201008	0.01557	0.08832	0.02437	0.00483	0.00562	0.02476
20201009	0.01274	0.09339	0.03095	0.00432	0.00558	0.02209
20201010	0.01725	0.09567	0.05719	0.00446	0.00569	0.02279
20201011	0.01241	0.09185	0.01789	0.00433	0.00597	0.02148
20201012	0.01458	0.09466	0.02570	0.00413	0.00561	0.02035
20201013	0.01224	0.09003	0.01590	0.00404	0.00548	0.01965
20201014	0.01307	0.09730	0.03916	0.00413	0.00568	0.02036
20201015	0.01507	0.09083	0.03301	0.00425	0.00572	0.02061
20201016	0.01488	0.08965	0.02625	0.00428	0.00578	0.02079
20201017	0.01514	0.09364	0.04503	0.00458	0.00603	0.02273
20201018	0.01689	0.09064	0.02532	0.00472	0.00589	0.02369
20201019	0.01761	0.09167	0.01794	0.00445	0.00589	0.02175
20201020	0.01366	0.09119	0.03906	0.00461	0.00608	0.02243
20201021	0.01605	0.08873	0.02078	0.00451	0.00604	0.02208
20201022	0.01347	0.09200	0.02804	0.00481	0.00671	0.02466
20201023	0.01373	0.08892	0.02488	0.00448	0.00565	0.02035
20201024	0.01513	0.09236	0.02574	0.00447	0.00586	0.02145
20201025	0.01627	0.09487	0.03553	0.00463	0.00620	0.02204
20201026	0.01517	0.09412	0.02895	0.00460	0.00603	0.02151
20201027	0.01474	0.08976	0.02407	0.00459	0.00605	0.02268
20201028	0.01664	0.08911	0.01938	0.00454	0.00569	0.02144
20201029	0.01651	0.08782	0.02761	0.00481	0.00619	0.02254
20201030	0.01491	0.09009	0.02466	0.00467	0.00597	0.02170
20201031	0.01644	0.09099	0.02638	0.00472	0.00608	0.02191
20201101	0.01627	0.09011	0.01316	0.00460	0.00593	0.02163
20201102	0.01326	0.09132	0.04304	0.00474	0.00609	0.02248
20201103	0.01434	0.09150	0.02818	0.00474	0.00603	0.02225
20201104	0.01244	0.09074	0.04301	0.00492	0.00609	0.02354
20201105	0.01275	0.09239	0.02609	0.00462	0.00574	0.02181
20201106	0.01211	0.08689	0.03379	0.00473	0.00600	0.02264
20201107	0.01157	0.08863	0.02585	0.00471	0.00584	0.02256
20201108	0.01261	0.09221	0.03243	0.00478	0.00597	0.02308
20201109	0.01374	0.09037	0.04481	0.00463	0.00577	0.02222
20201110	0.01536	0.08942	0.04309	0.00486	0.00611	0.02366
20201111	0.01578	0.08943	0.03743	0.00457	0.00576	0.02212
20201112	0.01528	0.08767	0.03974	0.00472	0.00595	0.02285
20201113	0.01256	0.08809	0.03186	0.00475	0.00575	0.02284
20201114	0.01275	0.08982	0.02790	0.00475	0.00588	0.02320
20201115	0.01423	0.08877	0.02695	0.00473	0.00565	0.02272
20201116	0.01238	0.08595	0.02441	0.00478	0.00581	0.02300
20201117	0.01479	0.08796	0.03112	0.00505	0.00602	0.02402
20201118	0.01588	0.08811	0.02477	0.00488	0.00566	0.02248
20201119	0.01381	0.08947	0.04038	0.00497	0.00579	0.02331
20201120	0.01354	0.08919	0.03728	0.00497	0.00574	0.02322
20201121	0.01504	0.08855	0.02805	0.00518	0.00609	0.02422
20201122	0.01233	0.08848	0.02326	0.00484	0.00553	0.02218
20201123	0.01428	0.08727	0.02471	0.00530	0.00614	0.02460
20201124	0.01441	0.08991	0.03830	0.00519	0.00590	0.02345
20201125	0.01153	0.09279	0.02988	0.00530	0.00600	0.02347
20201126	0.01257	0.08883	0.02890	0.00565	0.00641	0.02522
20201127	0.01288	0.08850	0.03361	0.00839	0.00967	0.03896
20201128	0.01213	0.09160	0.03386	0.00564	0.00840	0.02725
20201129	0.01280	0.08786	0.01599	0.00539	0.00631	0.02347
20201130	0.01592	0.08638	0.01810	0.00554	0.00642	0.02414
20201201	0.01203	0.08866	0.02777	0.00543	0.00627	0.02327
20201202	0.01256	0.09082	0.04782	0.00528	0.00614	0.02282
20201203	0.01495	0.09174	0.03050	0.00517	0.00607	0.02246
20201204	0.01608	0.08872	0.03322	0.00499	0.00586	0.02123
20201205	0.01415	0.09093	0.03596	0.00469	0.00530	0.01908
20201206	0.01356	0.08635	0.02351	0.00488	0.00554	0.01998
20201207	0.01260	0.08713	0.03475	0.00479	0.00544	0.01961
20201208	0.01609	0.09247	0.02403	0.00501	0.00569	0.02045
20201209	0.01781	0.08590	0.03194	0.00496	0.00580	0.02132
20201210	0.01492	0.08730	0.02812	0.00489	0.00562	0.02031
20201211	0.01469	0.08700	0.01362	0.00515	0.00573	0.02208
20201212	0.01779	0.09100	0.02490	0.00530	0.00607	0.02259
20201213	0.01334	0.09138	0.02879	0.00507	0.00554	0.02047
20201214	0.01529	0.08798	0.02995	0.00516	0.00559	0.02105
20201215	0.01695	0.08823	0.01665	0.00517	0.00571	0.02162
20201216	0.01417	0.08732	0.02279	0.00508	0.00554	0.02066
20201217	0.01990	0.08412	0.01825	0.00535	0.00578	0.02212
20201218	0.01550	0.08505	0.01970	0.00519	0.00563	0.02120
20201219	0.01781	0.09039	0.03554	0.00517	0.00563	0.02080
20201220	0.01586	0.08919	0.02868	0.00520	0.00558	0.02091
20201221	0.01492	0.08703	0.02426	0.00522	0.00548	0.02041
20201222	0.01452	0.08754	0.02900	0.00551	0.00562	0.02183
20201223	0.01533	0.09028	0.01723	0.00523	0.00544	0.02059
20201224	0.01852	0.08757	0.01321	0.00521	0.00564	0.02064
20201225	0.01550	0.08838	0.01951	0.00530	0.00538	0.02052
20201226	0.01643	0.09164	0.01922	0.00503	0.00533	0.01961
20201227	0.01628	0.08838	0.02699	0.00516	0.00571	0.02086
20201228	0.01851	0.09041	0.02388	0.00515	0.00552	0.02058
20201229	0.01681	0.08777	0.01453	0.00516	0.00549	0.02074
20201230	0.01731	0.09045	0.02711	0.00535	0.00565	0.02140
20201231	0.01459	0.08781	0.02165	0.00490	0.00524	0.01953
20210101	0.01762	0.08710	0.02902	0.00261	0.00334	0.01069
20210102	0.02038	0.08600	0.02073	0.00260	0.00332	0.01097
20210103	0.01752	0.08561	0.02050	0.00241	0.00341	0.01054
20210104	0.01777	0.08937	0.02430	0.00255	0.00330	0.01102
20210105	0.01950	0.08772	0.02658	0.00274	0.00329	0.01105
20210106	0.01643	0.08758	0.02353	0.00256	0.00331	0.01083
20210107	0.01692	0.08909	0.03656	0.00256	0.00320	0.01050
20210108	0.01584	0.08853	0.02412	0.00280	0.00321	0.01095
20210109	0.01797	0.08768	0.02461	0.00269	0.00320	0.01101
20210110	0.01626	0.08799	0.02892	0.00273	0.00335	0.01052
20210111	0.01681	0.08733	0.03258	0.00282	0.00333	0.01083
20210112	0.01790	0.08839	0.02892	0.00303	0.00448	0.01505
20210113	0.01569	0.08763	0.03167	0.00264	0.00322	0.01063
20210114	0.01636	0.08728	0.02757	0.00257	0.00312	0.01027
20210115	0.01746	0.08638	0.02052	0.00277	0.00340	0.01087
20210116	0.01684	0.08947	0.04035	0.00253	0.00323	0.01024
20210117	0.01923	0.08559	0.02716	0.00248	0.00313	0.01035
20210118	0.01803	0.08867	0.03332	0.00259	0.00312	0.01031
20210119	0.01864	0.08872	0.02627	0.00284	0.00344	0.01185
20210120	0.01847	0.08948	0.02825	0.00262	0.00348	0.01111
20210121	0.01677	0.08678	0.03025	0.00279	0.00320	0.01057
20210122	0.01767	0.08615	0.03144	0.00273	0.00301	0.01044
20210123	0.01697	0.08726	0.02754	0.00369	0.00325	0.01202
20210124	0.01699	0.08835	0.02494	0.00286	0.00302	0.01030
20210125	0.01651	0.08922	0.02824	0.00257	0.00312	0.01038
20210126	0.01656	0.08821	0.02481	0.00299	0.00375	0.01296
20210127	0.01691	0.08865	0.02410	0.00270	0.00344	0.01153
20210128	0.01702	0.08965	0.02808	0.00236	0.00332	0.01034
20210129	0.01751	0.08855	0.03339	0.00269	0.00375	0.01182
20210130	0.01853	0.08820	0.03350	0.00255	0.00365	0.01183
20210131	0.01780	0.09016	0.03531	0.00229	0.00300	0.00961
20210201	0.01781	0.08832	0.03325	0.00238	0.00309	0.00993
20210202	0.01761	0.08887	0.03402	0.00239	0.00310	0.00960
20210203	0.01900	0.08897	0.03584	0.00245	0.00316	0.00987
20210204	0.01892	0.08654	0.03382	0.00232	0.00306	0.00985
20210205	0.01918	0.08759	0.03227	0.00236	0.00300	0.00980
20210206	0.01825	0.08754	0.03752	0.00242	0.00310	0.01025
20210207	0.01754	0.09001	0.03977	0.00250	0.00327	0.01044
20210208	0.01783	0.08878	0.02714	0.00264	0.00332	0.01094
20210209	0.02001	0.08880	0.02180	0.00256	0.00320	0.01065
20210210	0.01756	0.09218	0.02084	0.00250	0.00321	0.01043
20210211	0.01937	0.08898	0.03254	0.00265	0.00353	0.01144
20210212	0.02198	0.08849	0.04039	0.00289	0.00325	0.01079
20210213	0.02096	0.08689	0.03986	0.00252	0.00331	0.01054
20210214	0.01943	0.08861	0.04428	0.00259	0.00341	0.01107
20210215	0.01881	0.08644	0.03732	0.00248	0.00312	0.01014
20210216	0.02216	0.09144	0.05219	0.00255	0.00319	0.01077
20210217	0.01967	0.08441	0.02995	0.00250	0.00320	0.01043
20210218	0.02120	0.08571	0.03351	0.00247	0.00327	0.01065
20210219	0.02128	0.08875	0.03333	0.00231	0.00289	0.00974
20210220	0.01894	0.08685	0.03369	0.00218	0.00268	0.00904
20210221	0.01886	0.08643	0.03289	0.00219	0.00277	0.00926
20210222	0.02092	0.08372	0.03219	0.00234	0.00298	0.00964
20210223	0.02064	0.08708	0.02861	0.00235	0.00305	0.00986
20210224	0.01942	0.08356	0.03408	0.00246	0.00305	0.01071
20210225	0.01813	0.08492	0.03484	0.00251	0.00324	0.01104
20210226	0.02321	0.08514	0.02708	0.00258	0.00333	0.01136
20210227	0.01977	0.08531	0.03256	0.00242	0.00309	0.01029
20210228	0.01847	0.08776	0.03435	0.00226	0.00321	0.00992
20210301	0.02091	0.08788	0.03654	0.00251	0.00322	0.01074
20210302	0.01881	0.08622	0.03005	0.00246	0.00317	0.01063
20210303	0.01975	0.08570	0.03917	0.00259	0.00337	0.01174
20210304	0.01991	0.08533	0.03322	0.00228	0.00296	0.00977
20210305	0.02146	0.08782	0.03344	0.00221	0.00289	0.00972
20210306	0.02180	0.08637	0.03080	0.00241	0.00310	0.01061
20210307	0.02182	0.08794	0.02884	0.00239	0.00308	0.01043
20210308	0.02153	0.08758	0.03893	0.00264	0.00332	0.01151
20210309	0.02110	0.08751	0.03063	0.00250	0.00315	0.01089
20210310	0.02335	0.08706	0.04133	0.00259	0.00322	0.01095
20210311	0.02082	0.08756	0.02990	0.00246	0.00309	0.01036
20210312	0.02168	0.08780	0.03637	0.00251	0.00312	0.01062
20210313	0.02229	0.08384	0.04277	0.00235	0.00310	0.01032
20210314	0.01958	0.08628	0.03027	0.00239	0.00299	0.00987
20210315	0.02133	0.08679	0.03672	0.00236	0.00302	0.00996
20210316	0.02291	0.08721	0.04253	0.00243	0.00314	0.01055
20210317	0.02116	0.08698	0.03936	0.00246	0.00315	0.00996
20210318	0.02334	0.08631	0.03723	0.00225	0.00296	0.00995
20210319	0.02264	0.08805	0.03548	0.00242	0.00289	0.00972
20210320	0.02207	0.08695	0.03383	0.00241	0.00297	0.00948
20210321	0.01977	0.08738	0.03205	0.00251	0.00304	0.00994
20210322	0.02144	0.08783	0.03860	0.00228	0.00290	0.00940
20210323	0.02101	0.08742	0.03657	0.00237	0.00294	0.00969
20210324	0.02124	0.08719	0.03908	0.00243	0.00325	0.01078
20210325	0.02057	0.08610	0.03656	0.00233	0.00311	0.01009
20210326	0.02243	0.08665	0.03348	0.00221	0.00298	0.00967
20210327	0.02062	0.08485	0.02613	0.00227	0.00281	0.00945
20210328	0.02159	0.08657	0.03459	0.00215	0.00282	0.00919
20210329	0.02429	0.08529	0.03325	0.00233	0.00304	0.01021
20210330	0.02215	0.08697	0.03281	0.00216	0.00279	0.00918
20210331	0.02510	0.08615	0.03369	0.00220	0.00274	0.00923
20210401	0.02453	0.08626	0.04662	0.00260	0.00344	0.01158
20210402	0.02243	0.08723	0.03904	0.00228	0.00283	0.00962
20210403	0.02197	0.08426	0.02992	0.00236	0.00284	0.00949
20210404	0.02216	0.08684	0.02891	0.00221	0.00274	0.00919
20210405	0.02529	0.08465	0.03165	0.00232	0.00284	0.00971
20210406	0.02107	0.08329	0.03806	0.00231	0.00287	0.00984
20210407	0.02405	0.08519	0.02893	0.00243	0.00303	0.01011
20210408	0.02251	0.08531	0.03371	0.00234	0.00295	0.00969
20210409	0.02218	0.08441	0.02855	0.00238	0.00300	0.00973
20210410	0.02381	0.08377	0.03012	0.00237	0.00291	0.00941
20210411	0.02291	0.08297	0.03928	0.00245	0.00288	0.00962
20210412	0.02189	0.08352	0.03451	0.00229	0.00290	0.00974
20210413	0.02507	0.08523	0.04053	0.00232	0.00285	0.00966
20210414	0.02573	0.08324	0.03188	0.00226	0.00287	0.00970
20210415	0.02159	0.08369	0.03797	0.00235	0.00291	0.00989
20210416	0.02600	0.08123	0.03545	0.00230	0.00296	0.00988
20210417	0.02435	0.08116	0.03456	0.00219	0.00278	0.00929
20210418	0.02398	0.07894	0.03741	0.00223	0.00283	0.00947
20210419	0.02404	0.08093	0.03032	0.00228	0.00326	0.01050
20210420	0.02409	0.07934	0.03281	0.00241	0.00295	0.00965
20210421	0.02426	0.07710	0.02747	0.00233	0.00295	0.00966
20210422	0.02459	0.07791	0.03169	0.00230	0.00294	0.01002
20210423	0.02498	0.08018	0.02600	0.00225	0.00276	0.00954
20210424	0.02382	0.07931	0.02970	0.00233	0.00292	0.00989
20210425	0.02613	0.07895	0.03233	0.00290	0.00281	0.01044
20210426	0.02457	0.07857	0.03336	0.00225	0.00280	0.00924
20210427	0.02511	0.07854	0.03389	0.00217	0.00271	0.00914
20210428	0.02563	0.07753	0.03423	0.00224	0.00276	0.00934
20210429	0.02542	0.07928	0.03744	0.00234	0.00278	0.00967
20210430	0.02659	0.07720	0.04265	0.00218	0.00264	0.00913
20210501	0.02635	0.07719	0.03215	0.00236	0.00271	0.00925
20210502	0.02576	0.07543	0.03565	0.00225	0.00274	0.00916
20210503	0.02438	0.07780	0.03613	0.00364	0.00466	0.01696
20210504	0.02643	0.07545	0.03297	0.00269	0.00312	0.01034
20210505	0.02588	0.07347	0.02657	0.00235	0.00288	0.00943
20210506	0.02737	0.07634	0.03024	0.00258	0.00303	0.01001
20210507	0.02843	0.07343	0.03254	0.00233	0.00284	0.00945
20210508	0.02521	0.07321	0.03263	0.00248	0.00293	0.00966
20210509	0.02609	0.07343	0.03098	0.00247	0.00291	0.00976
20210510	0.02692	0.07397	0.03202	0.00274	0.00328	0.01155
20210511	0.02673	0.07389	0.03072	0.00235	0.00284	0.00945
20210512	0.02716	0.07375	0.03191	0.00245	0.00298	0.00966
20210513	0.02847	0.07426	0.03069	0.00238	0.00276	0.00922
20210514	0.02874	0.07408	0.03643	0.00265	0.00292	0.00968
20210515	0.03118	0.06981	0.02648	0.00280	0.00328	0.01154
20210516	0.02824	0.07153	0.02781	0.00255	0.00287	0.00955
20210517	0.02869	0.07196	0.02843	0.00239	0.00283	0.00925
20210518	0.02735	0.07134	0.02921	0.00247	0.00283	0.00948
20210519	0.02806	0.07341	0.03049	0.00254	0.00275	0.00926
20210520	0.02928	0.07240	0.03089	0.00240	0.00285	0.00955
20210521	0.02757	0.07159	0.02753	0.00245	0.00310	0.00997
20210522	0.02906	0.07193	0.03007	0.00256	0.00277	0.00943
20210523	0.02895	0.07103	0.02993	0.00232	0.00273	0.00930
20210524	0.02934	0.07116	0.03029	0.00237	0.00284	0.00945
20210525	0.02930	0.07160	0.03775	0.00260	0.00321	0.01125
20210526	0.03072	0.07121	0.03496	0.00240	0.00285	0.00994
20210527	0.03042	0.07057	0.02961	0.00227	0.00286	0.00990
20210528	0.02860	0.07122	0.02700	0.00240	0.00286	0.00964
20210529	0.02851	0.07114	0.02427	0.00244	0.00275	0.00958
20210530	0.02863	0.07167	0.02623	0.00229	0.00283	0.00956
20210531	0.03076	0.06836	0.02342	0.00231	0.00270	0.00941
20210601	0.03071	0.06891	0.02940	0.00241	0.00271	0.00942
20210602	0.03127	0.06953	0.02459	0.00246	0.00275	0.00963
20210603	0.02976	0.06897	0.02938	0.00229	0.00271	0.00941
20210604	0.03093	0.06927	0.03731	0.00218	0.00269	0.00922
20210605	0.03091	0.07050	0.03391	0.00227	0.00275	0.00943
20210606	0.03070	0.06943	0.03632	0.00238	0.00271	0.00925
20210607	0.03002	0.06769	0.03061	0.00246	0.00275	0.00940
20210608	0.03069	0.06820	0.03388	0.00224	0.00270	0.00901
20210609	0.03023	0.06636	0.02810	0.00246	0.00286	0.00955
20210610	0.03001	0.06506	0.03117	0.00226	0.00267	0.00897
20210611	0.03097	0.06530	0.02676	0.00239	0.00275	0.00936
20210612	0.03171	0.06258	0.03010	0.00223	0.00268	0.00919
20210613	0.02960	0.06503	0.02923	0.00227	0.00279	0.00925
20210614	0.03150	0.06347	0.02870	0.00228	0.00269	0.00931
20210615	0.03159	0.06541	0.03149	0.00258	0.00286	0.00942
20210616	0.03166	0.06535	0.03559	0.00226	0.00266	0.00904
20210617	0.03179	0.06463	0.02995	0.00288	0.00338	0.01245
20210618	0.03088	0.06307	0.03174	0.00242	0.00268	0.00925
20210619	0.03145	0.06248	0.02768	0.00233	0.00266	0.00898
20210620	0.03245	0.06116	0.03356	0.00216	0.00255	0.00869
20210621	0.03374	0.06142	0.02891	0.00232	0.00280	0.00932
20210622	0.03277	0.06034	0.03399	0.00222	0.00259	0.00902
20210623	0.03242	0.06086	0.01967	0.00221	0.00265	0.00921
20210624	0.03253	0.06036	0.03558	0.00213	0.00256	0.00860
20210625	0.03338	0.05982	0.03497	0.00228	0.00266	0.00908
20210626	0.03249	0.06058	0.02512	0.00233	0.00274	0.00952
20210627	0.03253	0.06020	0.02957	0.00240	0.00274	0.00941
20210628	0.03319	0.05817	0.02510	0.00229	0.00264	0.00909
20210629	0.03526	0.05695	0.02750	0.00226	0.00259	0.00916
20210701	0.03291	0.05656	0.03051	0.00208	0.00253	0.00865
20210702	0.03342	0.05652	0.02636	0.00212	0.00252	0.00865
20210703	0.03317	0.05537	0.03042	0.00217	0.00256	0.00889
20210704	0.03360	0.05559	0.02713	0.00214	0.00249	0.00867
20210705	0.03442	0.05463	0.02964	0.00207	0.00248	0.00859
20210706	0.03451	0.05369	0.02586	0.00223	0.00255	0.00885
20210707	0.03416	0.05332	0.02507	0.00215	0.00253	0.00874
20210708	0.03452	0.05273	0.02469	0.00224	0.00254	0.00891
20210709	0.03502	0.05062	0.02915	0.00217	0.00256	0.00883
20210710	0.03433	0.04801	0.02814	0.00214	0.00258	0.00884
20210711	0.03553	0.04832	0.02729	0.00217	0.00259	0.00916
20210712	0.03468	0.04527	0.02553	0.00209	0.00273	0.00911
20210713	0.03535	0.04388	0.02273	0.00214	0.00273	0.00903
20210714	0.03647	0.04339	0.02435	0.00217	0.00274	0.00942
20210715	0.03598	0.04103	0.02507	0.00233	0.00283	0.00942
20210716	0.03420	0.03807	0.01425	0.00219	0.00258	0.00897
20210717	0.03569	0.03814	0.02470	0.00211	0.00255	0.00883
20210718	0.03538	0.03522	0.02393	0.00206	0.00248	0.00862
20210719	0.03591	0.03408	0.02285	0.00205	0.00246	0.00856
20210720	0.03604	0.03327	0.02107	0.00225	0.00261	0.00912
20210721	0.03667	0.03079	0.01996	0.00208	0.00271	0.00909
20210722	0.03572	0.03085	0.02050	0.00211	0.00268	0.00904
20210723	0.03616	0.03072	0.02145	0.00200	0.00268	0.00874
20210724	0.03626	0.02924	0.02292	0.00220	0.00307	0.01005
20210725	0.03690	0.02800	0.02141	0.00213	0.00286	0.00926
20210726	0.03732	0.02725	0.02044	0.00242	0.00315	0.01061
20210727	0.03831	0.02650	0.01974	0.00217	0.00268	0.00927
20210728	0.03805	0.02568	0.02231	0.00226	0.00277	0.00930
20210729	0.03790	0.02527	0.02154	0.00209	0.00264	0.00920
20210730	0.03975	0.02498	0.02043	0.00285	0.00344	0.01320
20210731	0.03871	0.02381	0.01569	0.00215	0.00273	0.00950
20210801	0.03735	0.02099	0.02213	0.00215	0.00273	0.00947
20210802	0.03893	0.01926	0.01784	0.00217	0.00277	0.00955
20210803	0.03840	0.01909	0.02072	0.00215	0.00278	0.00951
20210804	0.03797	0.01784	0.01415	0.00219	0.00292	0.00967
20210805	0.03929	0.01518	0.01006	0.00218	0.00278	0.00942
20210806	0.03940	0.01403	0.01820	0.00226	0.00310	0.01033
20210807	0.03916	0.01355	0.01464	0.00208	0.00287	0.00931
20210808	0.03993	0.01145	0.01486	0.00208	0.00279	0.00927
20210809	0.03984	0.01074	0.01666	0.00202	0.00265	0.00879
20210810	0.04081	0.00906	0.01683	0.00200	0.00274	0.00903
20210811	0.03957	0.00735	0.01588	0.00208	0.00268	0.00927
20210812	0.04086	0.00590	0.01226	0.00213	0.00269	0.00936
20210813	0.04188	0.00648	0.01645	0.00207	0.00279	0.00949
20210814	0.04053	0.00505	0.01245	0.00202	0.00270	0.00917
20210815	0.04214	0.00397	0.00814	0.00221	0.00281	0.00986
20210816	0.04189	0.00349	0.01795	0.00234	0.00273	0.00947
20210817	0.04200	0.00116	0.01407	0.00210	0.00281	0.00950
20210818	0.04138	0.00025	0.01431	0.00217	0.00298	0.00971
20210819	0.04193	-0.00219	0.01206	0.00256	0.00331	0.01087
20210820	0.04180	-0.00399	0.01510	0.00205	0.00276	0.00919
20210821	0.04257	-0.00467	0.00972	0.00211	0.00270	0.00913
20210823	0.04325	-0.00711	0.01065	0.00235	0.00308	0.01039
20210824	0.04313	-0.00963	0.00450	0.00214	0.00274	0.00950
20210825	0.04146	-0.01012	0.00438	0.00214	0.00291	0.00969
20210826	0.04283	-0.01026	0.00196	0.00243	0.00333	0.01105
20210827	0.04370	-0.01325	0.00616	0.00215	0.00297	0.00975
20210828	0.04258	-0.01189	-0.00056	0.00235	0.00320	0.01088
20210829	0.04331	-0.01100	0.00109	0.00268	0.00365	0.01202
20210830	0.04498	-0.01263	0.00728	0.00255	0.00344	0.01118
20210831	0.04427	-0.01281	0.01229	0.00218	0.00295	0.00970
20210901	0.04424	-0.01475	0.00596	0.00238	0.00326	0.01073
20210902	0.04498	-0.01478	0.00916	0.00222	0.00303	0.00988
20210903	0.04492	-0.01592	0.00658	0.00205	0.00281	0.00928
20210904	0.04476	-0.01576	0.00938	0.00224	0.00308	0.01026
20210905	0.04542	-0.01789	0.00609	0.00249	0.00331	0.01091
20210906	0.04621	-0.01825	0.00534	0.00215	0.00292	0.00968
20210907	0.04486	-0.01988	0.00310	0.00239	0.00328	0.01085
20210908	0.04500	-0.02126	0.00489	0.00254	0.00334	0.01157
20210909	0.04505	-0.02203	-0.00051	0.00221	0.00300	0.00975
20210910	0.04635	-0.02223	-0.00047	0.00224	0.00286	0.00981
20210911	0.04613	-0.02230	0.00805	0.00218	0.00278	0.00943
20210912	0.04681	-0.02347	0.00315	0.00225	0.00314	0.01012
20210914	0.04752	-0.02714	-0.00163	0.00212	0.00289	0.00967
20210915	0.04740	-0.02842	0.00381	0.00234	0.00293	0.00978
20210916	0.04640	-0.02863	0.01022	0.00222	0.00298	0.00994
20210917	0.04725	-0.02802	0.00575	0.00306	0.00333	0.01163
20210918	0.04559	-0.03197	0.00170	0.00238	0.00320	0.01076
20210919	0.04760	-0.03354	-0.00092	0.00221	0.00281	0.00964
20210920	0.04700	-0.03673	0.00168	0.00240	0.00321	0.01073
20210921	0.04832	-0.03742	-0.00010	0.00225	0.00284	0.00975
20210922	0.04975	-0.03719	-0.00635	0.00231	0.00293	0.00984
20210923	0.04940	-0.03790	0.00238	0.00224	0.00284	0.00962
20210924	0.04817	-0.03954	0.00395	0.00236	0.00322	0.01043
20210925	0.05031	-0.03640	0.00087	0.00227	0.00280	0.00994
20210926	0.05037	-0.03920	0.00044	0.00243	0.00321	0.01083
20210927	0.04964	-0.03833	0.00181	0.00218	0.00288	0.00943
20210928	0.04805	-0.03970	-0.00215	0.00252	0.00345	0.01099
20210929	0.04813	-0.04074	-0.00246	0.00224	0.00296	0.00971
20210930	0.04800	-0.04076	0.00545	0.00226	0.00312	0.01027
20211002	0.05007	-0.04088	0.00605	0.00226	0.00314	0.01027
20211003	0.04835	-0.04048	-0.00423	0.00239	0.00334	0.01083
20211004	0.04801	-0.04085	0.00037	0.00226	0.00284	0.00978
20211005	0.04877	-0.04135	0.00443	0.00246	0.00334	0.01084
20211006	0.04938	-0.04145	-0.00687	0.00221	0.00278	0.00933
20211007	0.05007	-0.04175	-0.00698	0.00239	0.00322	0.01057
20211008	0.04966	-0.04145	0.00227	0.00215	0.00279	0.00945
20211009	0.06030	-0.03608	-0.00061	0.00227	0.00286	0.00981
20211010	0.06235	-0.04393	-0.00510	0.00227	0.00304	0.01024
20211011	0.05811	-0.09293	0.00933	0.00238	0.00326	0.01072
20211012	0.05382	-0.19393	-0.00945	0.00269	0.00376	0.01231
20211013	0.04980	-0.28836	-0.01656	0.00256	0.00352	0.01171
20211014	0.04665	-0.36774	-0.03617	0.00250	0.00318	0.01118
20211015	0.04488	-0.42991	-0.04155	0.00232	0.00300	0.01031
20211016	0.04418	-0.48689	-0.06016	0.00254	0.00306	0.01095
20211017	0.04195	-0.53472	-0.06345	0.00238	0.00326	0.01098
20211018	0.03810	-0.57663	-0.07084	0.00220	0.00286	0.00964
20211019	0.03557	-0.61401	-0.07392	0.00252	0.00318	0.01164
20211020	0.03346	-0.64882	-0.08235	0.00227	0.00290	0.00980
20211021	0.03154	-0.68013	-0.08605	0.00220	0.00272	0.00940
20211022	0.03100	-0.70805	-0.09445	0.00228	0.00282	0.00957
20211023	0.02994	-0.73322	-0.10065	0.00225	0.00308	0.00974
20211024	0.02966	-0.75649	-0.11134	0.00238	0.00326	0.01067
20211025	0.02772	-0.77868	-0.11153	0.00251	0.00346	0.01124
20211026	0.02690	-0.79759	-0.11333	0.00226	0.00277	0.00963
20211027	0.02776	-0.81591	-0.11566	0.00234	0.00288	0.00985
20211028	0.02336	-0.83016	-0.11771	0.00235	0.00296	0.01017
20211029	0.02361	-0.84673	-0.11956	0.00257	0.00320	0.01120
20211030	0.02282	-0.85929	-0.11593	0.00252	0.00343	0.01121
20211031	0.02390	-0.87275	-0.12172	0.00247	0.00307	0.01015
20211101	0.02269	-0.88451	-0.12336	0.00237	0.00324	0.01060
20211102	0.02262	-0.89394	-0.12193	0.00242	0.00308	0.01037
20211103	0.02034	-0.90383	-0.13746	0.00345	0.00432	0.01771
20211104	0.02222	-0.91442	-0.12391	0.00226	0.00307	0.00989
20211105	0.02268	-0.92326	-0.12638	0.00247	0.00335	0.01093
20211106	0.02232	-0.93018	-0.13312	0.00246	0.00305	0.01012
20211107	0.02205	-0.93526	-0.13108	0.00278	0.00371	0.01259
20211108	0.02032	-0.94261	-0.13392	0.00259	0.00343	0.01061
20211109	0.02139	-0.94828	-0.13371	0.00244	0.00339	0.01084
20211110	0.02088	-0.94857	-0.13131	0.00241	0.00298	0.00994
20211111	0.02124	-0.95077	-0.13391	0.00232	0.00306	0.00996
20211112	0.02044	-0.95168	-0.13320	0.00226	0.00311	0.00974
20211113	0.02174	-0.95314	-0.13926	0.00229	0.00285	0.00964
20211114	0.02139	-0.95155	-0.13323	0.00247	0.00349	0.01042
20211115	0.02034	-0.95042	-0.13157	0.00242	0.00346	0.01097
20211116	0.02177	-0.95120	-0.13402	0.00223	0.00296	0.00971
20211117	0.02221	-0.95102	-0.13441	0.00224	0.00289	0.00963
20211118	0.02236	-0.95059	-0.13420	0.00237	0.00333	0.01051
20211119	0.02325	-0.95106	-0.13320	0.00212	0.00281	0.00929
20211120	0.02162	-0.95056	-0.12857	0.00232	0.00329	0.01076
20211121	0.02154	-0.95219	-0.13373	0.00249	0.00361	0.01138
20211122	0.02215	-0.95281	-0.13170	0.00241	0.00333	0.01106
20211123	0.02090	-0.95257	-0.13149	0.00251	0.00358	0.01147
20211124	0.02165	-0.95186	-0.13544	0.00274	0.00332	0.01172
20211126	0.02239	-0.95023	-0.13520	0.00244	0.00294	0.00976
20211127	0.02308	-0.95263	-0.13604	0.00237	0.00290	0.00985
20211128	0.02221	-0.95207	-0.13400	0.00244	0.00312	0.00995
20211129	0.02523	-0.95163	-0.14191	0.00264	0.00330	0.01060
20211130	0.02380	-0.95189	-0.13664	0.00261	0.00351	0.01117
20211201	0.02318	-0.95202	-0.13881	0.00272	0.00306	0.01086
20211202	0.02315	-0.95075	-0.13426	0.00233	0.00296	0.00973
20211203	0.02497	-0.95138	-0.13253	0.00243	0.00321	0.01020
20211204	0.02221	-0.95093	-0.12906	0.00232	0.00299	0.00986
20211205	0.02380	-0.95192	-0.13626	0.00238	0.00311	0.01000
20211206	0.02244	-0.95162	-0.13578	0.00243	0.00295	0.00985
20211207	0.02427	-0.95238	-0.13682	0.00233	0.00298	0.00975
20211208	0.02338	-0.95369	-0.13471	0.00247	0.00301	0.01002
20211209	0.02305	-0.95159	-0.12924	0.00247	0.00309	0.01012
20211210	0.02604	-0.95079	-0.13299	0.00222	0.00301	0.00973
20211211	0.02315	-0.95275	-0.13920	0.00239	0.00311	0.01044
20211212	0.01982	-0.95531	-0.16058	0.00251	0.00339	0.01148
20211213	0.02415	-0.95425	-0.13724	0.00237	0.00315	0.01034
20211214	0.02439	-0.95241	-0.13355	0.00237	0.00303	0.01038
20211215	0.02385	-0.95231	-0.12953	0.00239	0.00315	0.01031
20211216	0.02434	-0.95174	-0.13615	0.00229	0.00295	0.00988
20211217	0.02516	-0.95234	-0.13728	0.00297	0.00290	0.00994
20211218	0.02358	-0.95421	-0.13411	0.00221	0.00293	0.00981
20211219	0.02547	-0.95169	-0.13369	0.00226	0.00308	0.00988
20211220	0.02452	-0.95317	-0.13362	0.00218	0.00287	0.00957
20211221	0.02366	-0.95405	-0.13339	0.00475	0.00378	0.01409
20211222	0.02449	-0.95186	-0.12984	0.00306	0.00318	0.01072
20211223	0.02425	-0.95086	-0.12783	0.00303	0.00300	0.01042
20211224	0.02488	-0.95347	-0.13572	0.00239	0.00307	0.01013
20211225	0.02471	-0.95391	-0.13814	0.00269	0.00319	0.01075
20211226	0.02405	-0.95249	-0.13260	0.00239	0.00305	0.01005
20211227	0.02537	-0.95264	-0.13557	0.00248	0.00318	0.01067
20211228	0.02415	-0.95413	-0.13108	0.00235	0.00309	0.01020
20211229	0.02322	-0.95464	-0.13243	0.00256	0.00316	0.01067
20211230	0.02417	-0.95445	-0.14251	0.00285	0.00318	0.01109
20220101	0.02499	-0.95203	-0.13416	0.00273	0.00330	0.01105
20220102	0.02563	-0.95622	-0.14810	0.00251	0.00333	0.01107
20220103	0.02449	-0.95137	-0.14812	0.00243	0.00324	0.01100
20220104	0.02441	-0.95106	-0.15648	0.00248	0.00361	0.01162
20220105	0.02336	-0.95154	-0.15547	0.00271	0.00327	0.01079
20220106	0.02281	-0.95257	-0.15458	0.00247	0.00321	0.01088
20220107	0.02299	-0.95334	-0.15568	0.00248	0.00326	0.01095
20220108	0.02274	-0.95089	-0.15039	0.00232	0.00308	0.01051
20220109	0.02209	-0.95355	-0.15654	0.00247	0.00320	0.01077
20220110	0.02419	-0.95257	-0.15675	0.00250	0.00331	0.01091
20220111	0.02490	-0.95188	-0.15530	0.00249	0.00328	0.01063
20220112	0.02321	-0.95236	-0.15295	0.00249	0.00327	0.01106
20220113	0.02284	-0.95181	-0.15908	0.00284	0.00377	0.01374
20220114	0.02413	-0.95243	-0.15310	0.00251	0.00340	0.01132
20220115	0.02411	-0.95372	-0.15037	0.00255	0.00321	0.01089
20220116	0.02303	-0.95285	-0.15042	0.00269	0.00337	0.01168
20220117	0.02528	-0.95230	-0.14489	0.00273	0.00377	0.01210
20220118	0.02686	-0.95062	-0.14744	0.00259	0.00362	0.01160
20220119	0.02260	-0.95179	-0.15209	0.00262	0.00361	0.01187
20220120	0.02217	-0.95222	-0.14693	0.00249	0.00342	0.01095
20220121	0.02458	-0.95170	-0.14558	0.00255	0.00350	0.01115
20220122	0.02494	-0.95224	-0.15362	0.00263	0.00342	0.01136
20220123	0.02382	-0.95304	-0.15917	0.00254	0.00352	0.01167
20220124	0.02299	-0.95203	-0.13929	0.00257	0.00326	0.01089
20220125	0.02385	-0.95169	-0.14811	0.00260	0.00320	0.01070
20220126	0.02412	-0.95163	-0.15444	0.00516	0.00412	0.01449
20220127	0.02435	-0.95159	-0.15741	0.00272	0.00326	0.01086
20220128	0.02439	-0.95112	-0.15422	0.00257	0.00321	0.01081
20220129	0.02419	-0.95327	-0.15136	0.00249	0.00305	0.01021
20220130	0.02395	-0.95217	-0.14888	0.00254	0.00323	0.01060
20220131	0.02446	-0.95135	-0.15060	0.00260	0.00329	0.01069
20220201	0.02433	-0.95345	-0.15237	0.00248	0.00310	0.01040
20220202	0.02606	-0.95273	-0.15651	0.00291	0.00342	0.01152
20220203	0.02591	-0.95103	-0.15092	0.00262	0.00322	0.01066
20220204	0.02585	-0.95051	-0.14156	0.00283	0.00338	0.01125
20220205	0.02567	-0.95143	-0.14916	0.00265	0.00311	0.01057
20220206	0.02367	-0.95270	-0.15240	0.00267	0.00328	0.01083
20220207	0.02453	-0.95345	-0.14959	0.00263	0.00333	0.01060
20220208	0.02454	-0.95302	-0.15260	0.00256	0.00315	0.01046
20220209	0.02518	-0.95140	-0.14568	0.00295	0.00357	0.01194
20220210	0.02886	-0.94976	-0.15065	0.00298	0.00365	0.01250
20220211	0.02717	-0.95088	-0.14645	0.00272	0.00336	0.01077
20220212	0.02662	-0.95216	-0.14482	0.00257	0.00326	0.01032
20220214	0.02565	-0.95166	-0.15249	0.00282	0.00334	0.01096
20220215	0.02363	-0.95332	-0.14689	0.00282	0.00348	0.01147
20220216	0.02618	-0.95276	-0.15113	0.00286	0.00355	0.01165
20220217	0.02452	-0.95498	-0.15385	0.00280	0.00356	0.01195
20220218	0.02562	-0.95464	-0.15332	0.00308	0.00382	0.01316
20220219	0.02928	-0.95058	-0.14669	0.00290	0.00366	0.01204
20220220	0.02801	-0.95335	-0.15220	0.00310	0.00405	0.01385
20220221	0.02631	-0.95290	-0.14346	0.00291	0.00368	0.01186
20220222	0.02593	-0.95361	-0.14944	0.00279	0.00358	0.01153
20220223	0.02454	-0.95105	-0.14138	0.00292	0.00348	0.01174
20220224	0.02467	-0.95227	-0.15700	0.00280	0.00363	0.01148
20220225	0.02375	-0.95253	-0.14968	0.00315	0.00381	0.01257
20220226	0.02420	-0.95617	-0.15654	0.00393	0.00498	0.01860
20220227	0.02424	-0.95409	-0.15310	0.00279	0.00368	0.01217
20220228	0.02572	-0.95310	-0.14317	0.00283	0.00379	0.01225
20220301	0.02434	-0.95391	-0.16280	0.00283	0.00367	0.01257
20220302	0.02766	-0.95525	-0.15394	0.00275	0.00348	0.01186
20220303	0.02424	-0.95187	-0.15123	0.00268	0.00353	0.01138
20220304	0.02793	-0.95444	-0.15467	0.00255	0.00342	0.01102
20220305	0.02803	-0.95322	-0.14753	0.00274	0.00370	0.01224
20220306	0.02761	-0.95438	-0.15430	0.00255	0.00362	0.01135
20220307	0.02735	-0.95307	-0.15179	0.00260	0.00360	0.01163
20220308	0.02647	-0.95338	-0.16099	0.00242	0.00327	0.01077
20220309	0.02572	-0.95375	-0.15627	0.00254	0.00354	0.01124
20220310	0.02856	-0.95292	-0.15306	0.00296	0.00382	0.01185
20220311	0.02612	-0.95151	-0.14526	0.00250	0.00337	0.01098
20220312	0.02980	-0.95447	-0.14298	0.00259	0.00344	0.01177
20220313	0.02962	-0.95322	-0.15134	0.00247	0.00336	0.01069
20220314	0.02768	-0.95281	-0.15905	0.00261	0.00359	0.01134
20220315	0.02679	-0.95536	-0.14971	0.00241	0.00326	0.01069
20220316	0.03925	-0.97741	-0.15660	0.00261	0.00349	0.01164
20220317	0.04728	-0.98155	-0.15495	0.00251	0.00357	0.01108
20220318	0.04693	-0.98338	-0.14670	0.00263	0.00352	0.01085
20220319	0.04736	-1.00352	-0.15083	0.00252	0.00328	0.01101
20220320	0.04342	-1.03262	-0.15137	0.00257	0.00357	0.01086
20220321	0.04275	-1.06794	-0.15590	0.00243	0.00343	0.01064
20220322	0.04014	-1.09247	-0.16297	0.00247	0.00336	0.01064
20220323	0.04047	-1.11803	-0.16235	0.00244	0.00326	0.01072
20220324	0.03865	-1.13786	-0.17012	0.00269	0.00376	0.01135
20220325	0.03632	-1.15826	-0.16692	0.00261	0.00360	0.01112
20220326	0.03796	-1.17660	-0.17484	0.00261	0.00343	0.01166
20220327	0.03260	-1.19055	-0.17712	0.00270	0.00345	0.01091
20220328	0.03471	-1.20096	-0.17639	0.00255	0.00337	0.01094
20220329	0.03387	-1.21230	-0.18054	0.00260	0.00338	0.01117
20220330	0.03257	-1.22545	-0.18875	0.00254	0.00400	0.01226
20220331	0.03350	-1.23299	-0.17591	0.00239	0.00330	0.01025
20220401	0.02965	-1.23727	-0.18062	0.00229	0.00312	0.00984
20220402	0.03094	-1.24667	-0.17496	0.00249	0.00341	0.01062
20220403	0.03132	-1.24957	-0.18489	0.00265	0.00340	0.01126
20220404	0.03037	-1.25515	-0.17520	0.00279	0.00352	0.01163
20220405	0.02917	-1.25577	-0.18148	0.00268	0.00342	0.01085
20220406	0.03102	-1.25830	-0.18882	0.00260	0.00335	0.01064
