927180000
913800000
1116430000
1188880000
1194320000
1277960000
1589430000
1780130000
1433850000
1271790000
1144030000
1249000000
1136610000
1082240000
1422560000
1298350000
1507350000
1495540000
1857920000
2017580000
1665650000
1480480000
1315810000
1413150000
1359510000
1266150000
1466470000
1658220000
1633650000
1692940000
2155380000
2334270000
1844020000
1784320000
1551790000
1633550000
1548440000
1435520000
1715730000
1883220000
1927560000
1952960000
2522880000
2683790000
2188100000
2035450000
1721480000
1983810000
1797590000
1738210000
2113870000
2105510000
2183710000
2320570000
2941730000
3127000000
2518910000
2355600000
2028760000
2243830000
1939160000
1883750000
2361870000
2490370000
2359570000
2589800000
3210850000
3345620000
2769320000
2582690000
2335320000
2517550000
2250100000
2257420000
2651590000
2719860000
2909530000
2851080000
3626870000
3863470000
3142050000
2921240000
2617400000
2918100000
2685780000
2560630000
3120410000
3267410000
3151570000
3530160000
4036620000
4510980000
3568110000
3525660000
3055800000
4106140000
2891860000
2968810000
3025890000
3340910000
3257900000
3377820000
4232970000
4541720000
3537270000
3534130000
3152720000
3419020000
3177600000
2981880000
3634290000
3502030000
3721490000
3718770000
4724580000
4855170000
4062230000
3772620000
3297940000
3843500000
3522000000
3349380000
3728910000
3973880000
3856570000
4169610000
4924800000
5122090000
4115140000
3923800000
3696710000
4002430000
3633670000
3429790000
3849360000
4217180000
4028770000
4276150000
5382540000
5280070000
